DATE CO
20140101 0.6
20140102 0.7
20140103 0.9
20140104 0.6
20140105 0.7
20140106 1.0
20140107 1.1
20140108 0.7
20140109 0.3
20140110 0.6
20140111 0.8
20140112 0.7
20140113 0.4
20140114 0.6
20140115 0.8
20140116 1.1
20140117 1.3
20140118 0.6
20140119 0.6
20140120 0.7
20140121 0.8
20140122 0.9
20140123 1.0
20140124 1.0
20140125 1.0
20140126 0.4
20140127 0.7
20140128 0.5
20140129 0.8
20140130 0.6
20140131 0.5
20140201 0.7
20140202 0.7
20140203 0.4
20140204 0.4
20140205 0.5
20140206 0.7
20140207 0.4
20140208 0.4
20140209 0.4
20140210 0.5
20140211 0.4
20140212 0.5
20140213 0.5
20140214 0.4
20140215 0.6
20140216 0.8
20140217 0.7
20140218 0.4
20140219 0.4
20140220 0.7
20140221 0.7
20140222 0.9
20140223 0.9
20140224 1.1
20140225 1.2
20140226 1.1
20140227 1.0
20140228 0.9
20140301 0.8
20140302 0.4
20140303 0.6
20140304 0.8
20140305 0.4
20140306 0.4
20140307 0.4
20140308 0.5
20140309 0.4
20140310 0.4
20140311 0.6
20140312 0.7
20140313 0.5
20140314 0.5
20140315 0.6
20140316 0.6
20140317 0.6
20140318 0.5
20140319 0.6
20140320 0.5
20140321 0.4
20140322 0.5
20140323 0.6
20140324 0.5
20140325 0.4
20140326 0.5
20140327 0.7
20140328 0.7
20140329 0.5
20140330 0.5
20140331 0.6
20140401 0.6
20140402 0.5
20140403 0.5
20140404 0.3
20140405 0.4
20140406 0.3
20140407 0.5
20140408 0.5
20140409 0.6
20140410 0.5
20140411 0.6
20140412 0.7
20140413 0.6
20140414 0.6
20140415 0.5
20140416 0.8
20140417 0.7
20140418 0.5
20140419 0.4
20140420 0.3
20140421 0.5
20140422 0.5
20140423 0.7
20140424 0.7
20140425 0.6
20140426 0.5
20140427 0.3
20140428 0.3
20140429 0.3
20140430 0.3
20140501 0.4
20140502 0.6
20140503 0.3
20140504 0.4
20140505 0.3 
20140506 0.4
20140507 0.4
20140508 0.4
20140509 0.5
20140510 0.5
20140511 0.3
20140512 0.5
20140513 0.7
20140514 0.5
20140515 0.4
20140516 0.5
20140517 0.6
20140518 0.5
20140519 0.5
20140520 0.4
20140521 0.3
20140522 0.4
20140523 0.5
20140524 0.5
20140525 0.4
20140526 0.4
20140527 0.5
20140528 0.6
20140529 0.6
20140530 0.5
20140531 0.5
20140601 0.4
20140602 0.5
20140603 0.3
20140604 0.3
20140605 0.3
20140606 0.3
20140607 0.4
20140608 0.3
20140609 0.4
20140610 0.4
20140611 0.3
20140612 0.3
20140613 0.4
20140614 0.4
20140615 0.3
20140616 0.4
20140617 0.6
20140618 0.5
20140619 0.4
20140620 0.5
20140621 0.4
20140622 0.4
20140623 0.5
20140624 0.4
20140625 0.5
20140626 0.4
20140627 0.3
20140628 0.3
20140629 0.4
20140630 0.4
20140701 0.5
20140702 0.5
20140703 0.4
20140704 0.3
20140705 0.4
20140706 0.3
20140707 0.4
20140708 0.4
20140709 0.4
20140710 0.3
20140711 0.6
20140712 0.5
20140713 0.4
20140714 0.5
20140715 0.5
20140716 0.4
20140717 0.3
20140718 0.3
20140719 0.3
20140720 0.4
20140721 0.4
20140722 0.3
20140723 0.4
20140724 0.4
20140725 0.3
20140726 0.4
20140727 0.5
20140728 0.6
20140729 0.4
20140730 0.4
20140731 0.4
20140801 0.3
20140802 0.2
20140803 0.2
20140804 0.3
20140805 0.4
20140806 0.5
20140807 0.5
20140808 0.3
20140809 0.3
20140810 0.3
20140811 0.3
20140812 0.4
20140813 0.6
20140814 0.4
20140815 0.4
20140816 0.4
20140817 0.4
20140818 0.3
20140819 0.4
20140820 0.5
20140821 0.4
20140822 0.6
20140823 0.6
20140824 0.5
20140825 0.5
20140826 0.3
20140827 0.3
20140828 0.3
20140829 0.4
20140830 0.4
20140831 0.4
20140901 0.5
20140902 0.4
20140903 0.3
20140904 0.3
20140905 0.4
20140906 0.4
20140907 0.5
20140908 0.5
20140909 0.5
20140910 0.4
20140911 0.4
20140912 0.5
20140913 0.4
20140914 0.3
20140915 0.4
20140916 0.3
20140917 0.4
20140918 0.4
20140919 0.4
20140920 0.4
20140921 0.4
20140922 0.4
20140923 0.4
20140924 0.4
20140925 0.4
20140926 0.4
20140927 0.4
20140928 0.5
20140929 0.6
20140930 0.4
20141001 0.3
20141002 0.5
20141003 0.6
20141004 0.4
20141005 0.3
20141006 0.3
20141007 0.4
20141008 0.5
20141009 0.5
20141010 0.5
20141011 0.4
20141012 0.4
20141013 0.3
20141014 0.3
20141015 0.5
20141016 0.4
20141017 0.5
20141018 0.6
20141019 0.6
20141020 0.6
20141021 0.4
20141022 0.4
20141023 0.5
20141024 0.7
20141025 0.7
20141026 0.5
20141027 0.3
20141028 0.6
20141029 0.8
20141030 1.0
20141031 0.7
20141101 0.5
20141102 0.4
20141103 0.3
20141104 0.6
20141105 0.6
20141106 0.7
20141107 0.6
20141108 0.8
20141109 0.6
20141110 0.9
20141111 0.9
20141112 0.4
20141113 0.3
20141114 0.5
20141115 0.6
20141116 0.7
20141117 0.6
20141118 0.6
20141119 0.9
20141120 1.0
20141121 0.8
20141122 0.7
20141123 0.7
20141124 0.8
20141125 0.6
20141126 0.5
20141127 0.9
20141128 0.6
20141129 0.6
20141130 0.6
20141201 0.4
20141202 0.4
20141203 0.5
20141204 0.4
20141205 0.4
20141206 0.4
20141207 0.6
20141208 0.6
20141209 0.8
20141210 1.0
20141211 0.6
20141212 0.6
20141213 0.4
20141214 0.7
20141215 0.8
20141216 0.5
20141217 0.4
20141218 0.6
20141219 0.9
20141220 0.5
20141221 0.5
20141222 0.7
20141223 1.1
20141224 1.0
20141225 0.5
20141226 0.6
20141227 1.0
20141228 1.2
20141229 1.2
20141230 1.1
20141231 0.6
20150101 0.4
20150102 0.5
20150103 0.7
20150104 0.8
20150105 1.1
20150106 0.5
20150107 0.4
20150108 0.6
20150109 0.9
20150110 0.7
20150111 0.6
20150112 0.7
20150113 1.0
20150114 1.1
20150115 0.9
20150116 0.8
20150117 0.4
20150118 0.6
20150119 0.7
20150120 0.7
20150121 0.9
20150122 0.8
20150123 0.8
20150124 0.7
20150125 0.8
20150126 0.7
20150127 0.5
20150128 0.5
20150129 0.8
20150130 0.5
20150131 0.5
20150201 0.6
20150202 0.8
20150203 1.0
20150204 1.1
20150205 0.9
20150206 0.7
20150207 0.7
20150208 0.3
20150209 0.5
20150210 0.9
20150211 0.9
20150212 0.4
20150213 0.4
20150214 0.8
20150215 0.7
20150216 0.6
20150217 0.7
20150218 0.7
20150219 0.7
20150220 0.8
20150221 0.6
20150222 0.5
20150223 0.5
20150224 0.6
20150225 0.6
20150226 0.4
20150227 0.4
20150228 0.6
20150301 0.5
20150302 0.6
20150303 0.5
20150304 0.4
20150305 0.5
20150306 0.7
20150307 0.8
20150308 0.8
20150309 0.5
20150310 0.3
20150311 0.4
20150312 0.4
20150313 0.5
20150314 0.5
20150315 0.7
20150316 0.8
20150317 1.1
20150318 0.7
20150319 0.6
20150320 0.8
20150321 0.9
20150322 0.7
20150323 0.4
20150324 0.4
20150325 0.5
20150326 0.5
20150327 0.5
20150328 0.6
20150329 0.5
20150330 0.7
20150331 0.7
20150401 0.5
20150402 0.4
20150403 0.7
20150404 0.4
20150405 0.4
20150406 0.4
20150407 0.4
20150408 0.4
20150409 0.5
20150410 0.5
20150411 0.6
20150412 0.5
20150413 0.3
20150414 0.4
20150415 0.5
20150416 0.5
20150417 0.4
20150418 0.6
20150419 0.4
20150420 0.4
20150421 0.5
20150422 0.6
20150423 0.6
20150424 0.5
20150425 0.5
20150426 0.5
20150427 0.5
20150428 0.5
20150429 0.4
20150430 0.4
20150501 0.5
20150502 0.4
20150503 0.4
20150504 0.3
20150505 0.3
20150506 0.4
20150507 0.5
20150508 0.5
20150509 0.4
20150510 0.4
20150511 0.4
20150512 0.4
20150513 0.4
20150514 0.4
20150515 0.6
20150516 0.5
20150517 0.5
20150518 0.4
20150519 0.5
20150520 0.4
20150521 0.4
20150522 0.5
20150523 0.5
20150524 0.4
20150525 0.4
20150526 0.4
20150527 0.4
20150528 0.4
20150529 0.4
20150530 0.3
20150531 0.4
20150601 0.4
20150602 0.4
20150603 0.3
20150604 0.5
20150605 0.4
20150606 0.3
20150607 0.4
20150608 0.4
20150609 0.4
20150610 0.4
20150611 0.4
20150612 0.4
20150613 0.5
20150614 0.4
20150615 0.4
20150616 0.5
20150617 0.5
20150618 0.3
20150619 0.3
20150620 0.5
20150621 0.4
20150622 0.4
20150623 0.4
20150624 0.5
20150625 0.4
20150626 0.3
20150627 0.3
20150628 0.4
20150629 0.3
20150630 0.4
20150701 0.4
20150702 0.5
20150703 0.4
20150704 0.4
20150705 0.4
20150706 0.4
20150707 0.4
20150708 0.3
20150709 0.3
20150710 0.4
20150711 0.4
20150712 0.3
20150713 0.4
20150714 0.5
20150715 0.5
20150716 0.2
20150717 0.2
20150718 0.3
20150719 0.4
20150720 0.4
20150721 0.4
20150722 0.5
20150723 0.4
20150724 0.4
20150725 0.3
20150726 0.3
20150727 0.3
20150728 0.4
20150729 0.5
20150730 0.5
20150731 0.4  #FIXME
20150801
20150802
20150803
20150804
20150805
20150806
20150807
20150808
20150809
20150810
20150811
20150812
20150813
20150814
20150815
20150816
20150817
20150818
20150819
20150820
20150821
20150822
20150823
20150824
20150825
20150826
20150827
20150828
20150829
20150830
20150831
20150901
20150902
20150903
20150904
20150905
20150906
20150907
20150908
20150909
20150910
20150911
20150912
20150913
20150914
20150915
20150916
20150917
20150918
20150919
20150920
20150921
20150922
20150923
20150924
20150925
20150926
20150927
20150928
20150929
20150930
20151001
20151002
20151003
20151004
20151005
20151006
20151007
20151008
20151009
20151010
20151011
20151012
20151013
20151014
20151015
20151016
20151017
20151018
20151019
20151020
20151021
20151022
20151023
20151024
20151025
20151026
20151027
20151028
20151029
20151030
20151031
20151101
20151102
20151103
20151104
20151105
20151106
20151107
20151108
20151109
20151110
20151111
20151112
20151113
20151114
20151115
20151116
20151117
20151118
20151119
20151120
20151121
20151122
20151123
20151124
20151125
20151126
20151127
20151128
20151129
20151130
20151201
20151202
20151203
20151204
20151205
20151206
20151207
20151208
20151209
20151210
20151211
20151212
20151213
20151214
20151215
20151216
20151217
20151218
20151219
20151220
20151221
20151222
20151223
20151224
20151225
20151226
20151227
20151228
20151229
20151230
20151231
20160101
20160102
20160103
20160104
20160105
20160106
20160107
20160108
20160109
20160110
20160111
20160112
20160113
20160114
20160115
20160116
20160117
20160118
20160119
20160120
20160121
20160122
20160123
20160124
20160125
20160126
20160127
20160128
20160129
20160130
20160131
20160201
20160202
20160203
20160204
20160205
20160206
20160207
20160208
20160209
20160210
20160211
20160212
20160213
20160214
20160215
20160216
20160217
20160218
20160219
20160220
20160221
20160222
20160223
20160224
20160225
20160226
20160227
20160228
20160229
20160301
20160302
20160303
20160304
20160305
20160306
20160307
20160308
20160309
20160310
20160311
20160312
20160313
20160314
20160315
20160316
20160317
20160318
20160319
20160320
20160321
20160322
20160323
20160324
20160325
20160326
20160327
20160328
20160329
20160330
20160331
20160401
20160402
20160403
20160404
20160405
20160406
20160407
20160408
20160409
20160410
20160411
20160412
20160413
20160414
20160415
20160416
20160417
20160418
20160419
20160420
20160421
20160422
20160423
20160424
20160425
20160426
20160427
20160428
20160429
20160430
20160501
20160502
20160503
20160504
20160505
20160506
20160507
20160508
20160509
20160510
20160511
20160512
20160513
20160514
20160515
20160516
20160517
20160518
20160519
20160520
20160521
20160522
20160523
20160524
20160525
20160526
20160527
20160528
20160529
20160530
20160531
20160601
20160602
20160603
20160604
20160605
20160606
20160607
20160608
20160609
20160610
20160611
20160612
20160613
20160614
20160615
20160616
20160617
20160618
20160619
20160620
20160621
20160622
20160623
20160624
20160625
20160626
20160627
20160628
20160629
20160630
20160701
20160702
20160703
20160704
20160705
20160706
20160707
20160708
20160709
20160710
20160711
20160712
20160713
20160714
20160715
20160716
20160717
20160718
20160719
20160720
20160721
20160722
20160723
20160724
20160725
20160726
20160727
20160728
20160729
20160730
20160731
20160801
20160802
20160803
20160804
20160805
20160806
20160807
20160808
20160809
20160810
20160811
20160812
20160813
20160814
20160815
20160816
20160817
20160818
20160819
20160820
20160821
20160822
20160823
20160824
20160825
20160826
20160827
20160828
20160829
20160830
20160831
20160901
20160902
20160903
20160904
20160905
20160906
20160907
20160908
20160909
20160910
20160911
20160912
20160913
20160914
20160915
20160916
20160917
20160918
20160919
20160920
20160921
20160922
20160923
20160924
20160925
20160926
20160927
20160928
20160929
20160930
20161001
20161002
20161003
20161004
20161005
20161006
20161007
20161008
20161009
20161010
20161011
20161012
20161013
20161014
20161015
20161016
20161017
20161018
20161019
20161020
20161021
20161022
20161023
20161024
20161025
20161026
20161027
20161028
20161029
20161030
20161031
20161101
20161102
20161103
20161104
20161105
20161106
20161107
20161108
20161109
20161110
20161111
20161112
20161113
20161114
20161115
20161116
20161117
20161118
20161119
20161120
20161121
20161122
20161123
20161124
20161125
20161126
20161127
20161128
20161129
20161130
20161201
20161202
20161203
20161204
20161205
20161206
20161207
20161208
20161209
20161210
20161211
20161212
20161213
20161214
20161215
20161216
20161217
20161218
20161219
20161220
20161221
20161222
20161223
20161224
20161225
20161226
20161227
20161228
20161229
20161230
20161231
20170101
20170102
20170103
20170104
20170105
20170106
20170107
20170108
20170109
20170110
20170111
20170112
20170113
20170114
20170115
20170116
20170117
20170118
20170119
20170120
20170121
20170122
20170123
20170124
20170125
20170126
20170127
20170128
20170129
20170130
20170131
20170201
20170202
20170203
20170204
20170205
20170206
20170207
20170208
20170209
20170210
20170211
20170212
20170213
20170214
20170215
20170216
20170217
20170218
20170219
20170220
20170221
20170222
20170223
20170224
20170225
20170226
20170227
20170228
20170301
20170302
20170303
20170304
20170305
20170306
20170307
20170308
20170309
20170310
20170311
20170312
20170313
20170314
20170315
20170316
20170317
20170318
20170319
20170320
20170321
20170322
20170323
20170324
20170325
20170326
20170327
20170328
20170329
20170330
20170331
20170401
20170402
20170403
20170404
20170405
20170406
20170407
20170408
20170409
20170410
20170411
20170412
20170413
20170414
20170415
20170416
20170417
20170418
20170419
20170420
20170421
20170422
20170423
20170424
20170425
20170426
20170427
20170428
20170429
20170430
20170501
20170502
20170503
20170504
20170505
20170506
20170507
20170508
20170509
20170510
20170511
20170512
20170513
20170514
20170515
20170516
20170517
20170518
20170519
20170520
20170521
20170522
20170523
20170524
20170525
20170526
20170527
20170528
20170529
20170530
20170531
20170601
20170602
20170603
20170604
20170605
20170606
20170607
20170608
20170609
20170610
20170611
20170612
20170613
20170614
20170615
20170616
20170617
20170618
20170619
20170620
20170621
20170622
20170623
20170624
20170625
20170626
20170627
20170628
20170629
20170630
20170701
20170702
20170703
20170704
20170705
20170706
20170707
20170708
20170709
20170710
20170711
20170712
20170713
20170714
20170715
20170716
20170717
20170718
20170719
20170720
20170721
20170722
20170723
20170724
20170725
20170726
20170727
20170728
20170729
20170730
20170731
20170801
20170802
20170803
20170804
20170805
20170806
20170807
20170808
20170809
20170810
20170811
20170812
20170813
20170814
20170815
20170816
20170817
20170818
20170819
20170820
20170821
20170822
20170823
20170824
20170825
20170826
20170827
20170828
20170829
20170830
20170831
20170901
20170902
20170903
20170904
20170905
20170906
20170907
20170908
20170909
20170910
20170911
20170912
20170913
20170914
20170915
20170916
20170917
20170918
20170919
20170920
20170921
20170922
20170923
20170924
20170925
20170926
20170927
20170928
20170929
20170930
20171001
20171002
20171003
20171004
20171005
20171006
20171007
20171008
20171009
20171010
20171011
20171012
20171013
20171014
20171015
20171016
20171017
20171018
20171019
20171020
20171021
20171022
20171023
20171024
20171025
20171026
20171027
20171028
20171029
20171030
20171031
20171101
20171102
20171103
20171104
20171105
20171106
20171107
20171108
20171109
20171110
20171111
20171112
20171113
20171114
20171115
20171116
20171117
20171118
20171119
20171120
20171121
20171122
20171123
20171124
20171125
20171126
20171127
20171128
20171129
20171130
20171201
20171202
20171203
20171204
20171205
20171206
20171207
20171208
20171209
20171210
20171211
20171212
20171213
20171214
20171215
20171216
20171217
20171218
20171219
20171220
20171221
20171222
20171223
20171224
20171225
20171226
20171227
20171228
20171229
20171230
20171231
