DATE PM2p5 PM10 CO O3 NO2 SO2
20140101 25 117 0.6 0.013 0.032 0.010
20140102 19 52 0.7 0.010 0.038 0.008
20140103 26 59 0.9 0.004 0.055 0.008
20140104 20 44 0.6 0.009 0.034 0.006
20140105 22 42 0.7 0.007 0.037 0.006
20140106 37 66 1.0 0.004 0.055 0.009
20140107 47 84 1.1 0.003 0.065 0.011
20140108 38 67 0.7 0.012 0.035 0.008
20140109 7 20 0.3 0.022 0.017 0.004
20140110 18 34 0.6 0.007 0.040 0.007
20140111 27 50 0.8 0.006 0.049 0.008
20140112 28 58 0.7 0.014 0.034 0.008
20140113 11 27 0.4 0.016 0.026 0.005
20140114 21 41 0.6 0.009 0.040 0.007
20140115 30 56 0.8 0.009 0.044 0.008
20140116 53 96 1.1 0.003 0.059 0.011
20140117 64 117 1.3 0.005 0.058 0.009
20140118 25 57 0.6 0.019 0.025 0.007
20140119 25 48 0.6 0.010 0.036 0.008
20140120 34 63 0.7 0.008 0.037 0.006
20140121 63 103 0.8 0.016 0.029 0.011
20140122 58 94 0.9 0.008 0.051 0.009
20140123 35 56 1.0 0.005 0.060 0.008
20140124 38 60 1.0 0.003 0.061 0.008
20140125 30 50 1.0 0.006 0.047 0.007
20140126 17 34 0.4 0.018 0.025 0.005
20140127 20 37 0.7 0.005 0.050 0.007
20140128 13 30 0.5 0.012 0.036 0.005
20140129 19 41 0.8 0.005 0.055 0.006
20140130 20 39 0.6 0.012 0.038 0.006
20140131 11 23 0.5 0.012 0.033 0.005
20140201 14 25 0.7 0.005 0.041 0.005
20140202 13 20 0.7 0.008 0.033 0.004
20140203 14 61 0.4 0.021 0.017 0.004
20140204 11 33 0.4 0.024 0.016 0.005
20140205 18 41 0.5 0.015 0.030 0.007
20140206 23 46 0.7 0.008 0.043 0.006
20140207 9 17 0.4 0.017 0.026 0.005
20140208 6 10 0.4 0.019 0.022 0.003
20140209 14 19 0.4 0.022 0.020 0.004
20140210 17 26 0.5 0.020 0.027 0.004
20140211 11 18 0.4 0.017 0.030 0.004
20140212 13 22 0.5 0.012 0.035 0.004
20140213 15 24 0.5 0.014 0.036 0.005
20140214 11 18 0.4 0.019 0.030 0.004
20140215 19 32 0.6 0.015 0.039 0.005
20140216 34 59 0.8 0.012 0.049 0.007
20140217 41 75 0.7 0.019 0.043 0.009
20140218 13 21 0.4 0.025 0.025 0.004
20140219 17 29 0.4 0.014 0.036 0.005
20140220 36 65 0.7 0.017 0.041 0.007
20140221 35 65 0.7 0.021 0.040 0.007
20140222 51 91 0.9 0.020 0.050 0.009
20140223 58 102 0.9 0.020 0.048 0.009
20140224 84 155 1.1 0.015 0.059 0.014
20140225 86 162 1.2 0.010 0.070 0.012
20140226 73 133 1.1 0.014 0.066 0.010
20140227 62 114 1.0 0.016 0.061 0.010
20140228 58 110 0.9 0.019 0.048 0.009
20140301 45 90 0.8 0.012 0.051 0.008
20140302 13 28 0.4 0.026 0.022 0.005
20140303 26 57 0.6 0.016 0.047 0.009
20140304 39 81 0.8 0.018 0.059 0.011
20140305 17 37 0.4 0.031 0.017 0.005
20140306 15 32 0.4 0.025 0.023 0.006
20140307 12 28 0.4 0.026 0.022 0.005
20140308 19 40 0.5 0.017 0.037 0.007
20140309 18 34 0.4 0.025 0.022 0.005
20140310 17 36 0.4 0.020 0.031 0.006
20140311 26 47 0.6 0.013 0.046 0.007
20140312 20 40 0.7 0.007 0.054 0.006
20140313 27 44 0.5 0.032 0.022 0.005
20140314 36 61 0.5 0.031 0.035 0.005
20140315 44 90 0.6 0.031 0.038 0.008
20140316 44 93 0.6 0.037 0.035 0.008
20140317 31 62 0.6 0.024 0.040 0.006
20140318 36 120 0.5 0.027 0.033 0.005
20140319 35 117 0.6 0.017 0.044 0.006
20140320 25 62 0.5 0.022 0.033 0.005
20140321 15 30 0.4 0.027 0.025 0.004
20140322 24 54 0.5 0.023 0.041 0.007
20140323 39 78 0.6 0.037 0.038 0.009
20140324 28 54 0.5 0.031 0.042 0.007
20140325 26 52 0.4 0.025 0.037 0.006
20140326 33 63 0.5 0.019 0.046 0.007
20140327 42 81 0.7 0.018 0.060 0.009
20140328 51 105 0.7 0.043 0.038 0.008
20140329 27 51 0.5 0.026 0.043 0.006
20140330 23 35 0.5 0.038 0.023 0.004
20140331 28 61 0.6 0.017 0.053 0.006
20140401 27 66 0.6 0.019 0.057 0.006
20140402 26 59 0.5 0.024 0.055 0.007
20140403 26 54 0.5 0.020 0.046 0.006
20140404 10 21 0.3 0.030 0.022 0.004
20140405 17 40 0.4 0.026 0.028 0.004
20140406 13 37 0.3 0.034 0.017 0.004
20140407 22 63 0.5 0.029 0.035 0.007
20140408 21 46 0.5 0.022 0.047 0.007
20140409 36 66 0.6 0.016 0.052 0.005
20140410 33 60 0.5 0.022 0.048 0.005
20140411 34 67 0.6 0.023 0.048 0.006
20140412 36 73 0.7 0.011 0.055 0.006
20140413 40 73 0.6 0.032 0.042 0.006
20140414 35 66 0.6 0.028 0.050 0.007
20140415 38 71 0.5 0.021 0.044 0.007
20140416 71 146 0.8 0.022 0.047 0.009
20140417 46 85 0.7 0.025 0.051 0.007
20140418 34 63 0.5 0.030 0.038 0.005
20140419 24 44 0.4 0.034 0.025 0.004
20140420 23 40 0.3 0.045 0.020 0.005
20140421 27 54 0.5 0.038 0.034 0.006
20140422 27 55 0.5 0.033 0.041 0.006
20140423 45 81 0.7 0.038 0.047 0.009
20140424 59 106 0.7 0.036 0.047 0.008
20140425 36 63 0.6 0.030 0.060 0.007
20140426 28 54 0.5 0.027 0.054 0.007
20140427 16 26 0.3 0.033 0.022 0.004
20140428 8 11 0.3 0.031 0.020 0.004
20140429 7 13 0.3 0.039 0.020 0.004
20140430 12 25 0.3 0.033 0.026 0.004
20140501 22 50 0.4 0.034 0.032 0.006
20140502 36 76 0.6 0.038 0.033 0.007
20140503 14 26 0.3 0.033 0.020 0.005
20140504 17 37 0.4 0.030 0.028 0.006
20140505 15 36 0.3 0.038 0.014 0.004
20140506 16 39 0.4 0.032 0.024 0.006
20140507 19 43 0.4 0.037 0.030 0.006
20140508 19 33 0.4 0.037 0.024 0.004
20140509 22 40 0.5 0.025 0.040 0.006
20140510 19 34 0.5 0.030 0.041 0.005
20140511 16 29 0.3 0.049 0.016 0.004
20140512 24 40 0.5 0.047 0.019 0.006
20140513 43 88 0.7 0.054 0.030 0.010
20140514 37 75 0.5 0.065 0.028 0.009
20140515 22 47 0.4 0.044 0.024 0.005
20140516 21 51 0.5 0.031 0.037 0.007
20140517 27 56 0.6 0.034 0.046 0.009
20140518 27 50 0.5 0.042 0.036 0.007
20140519 29 57 0.5 0.029 0.046 0.008
20140520 26 70 0.4 0.033 0.038 0.006
20140521 22 54 0.3 0.035 0.025 0.005
20140522 25 46 0.4 0.034 0.039 0.006
20140523 36 70 0.5 0.033 0.037 0.007
20140524 32 65 0.5 0.034 0.034 0.006
20140525 25 47 0.4 0.037 0.021 0.005
20140526 21 77 0.4 0.043 0.023 0.005
20140527 41 147 0.5 0.063 0.028 0.009
20140528 53 164 0.6 0.070 0.036 0.007
20140529 45 120 0.6 0.056 0.037 0.008
20140530 22 69 0.5 0.038 0.049 0.008
20140531 40 109 0.5 0.053 0.045 0.008
20140601 36 86 0.4 0.051 0.030 0.007
20140602 36 79 0.5 0.020 0.046 0.005
20140603 13 24 0.3 0.028 0.024 0.004
20140604 10 19 0.3 0.045 0.014 0.004
20140605 10 18 0.3 0.040 0.019 0.004
20140606 14 27 0.3 0.037 0.025 0.004
20140607 18 34 0.4 0.032 0.035 0.006
20140608 19 31 0.3 0.040 0.018 0.005
20140609 22 38 0.4 0.028 0.032 0.005
20140610 18 31 0.4 0.030 0.031 0.004
20140611 11 20 0.3 0.020 0.029 0.004
20140612 14 25 0.3 0.028 0.025 0.004
20140613 30 51 0.4 0.038 0.028 0.005
20140614 21 35 0.4 0.046 0.024 0.006
20140615 24 39 0.3 0.054 0.019 0.005
20140616 19 33 0.4 0.032 0.031 0.006
20140617 44 69 0.6 0.046 0.033 0.007
20140618 34 54 0.5 0.050 0.025 0.005
20140619 29 48 0.4 0.039 0.020 0.004
20140620 30 50 0.5 0.037 0.024 0.004
20140621 15 24 0.4 0.035 0.021 0.004
20140622 13 20 0.4 0.033 0.019 0.004
20140623 18 30 0.5 0.022 0.032 0.004
20140624 22 38 0.4 0.030 0.028 0.005
20140625 29 47 0.5 0.035 0.031 0.005
20140626 28 45 0.4 0.037 0.026 0.005
20140627 20 32 0.3 0.030 0.023 0.004
20140628 21 35 0.3 0.053 0.016 0.005
20140629 19 31 0.4 0.050 0.019 0.005
20140630 20 32 0.4 0.037 0.030 0.006
20140701 28 42 0.5 .046 0.031 0.006
20140702 40 68 0.5 0.047 0.025 0.006
20140703 14 22 0.4 0.027 0.020 0.004
20140704 11 18 0.3 0.034 0.022 0.004
20140705 18 30 0.4 0.027 0.038 0.005
20140706 16 23 0.3 0.029 0.023 0.004
20140707 18 31 0.4 0.044 0.028 0.004
20140708 17 27 0.4 0.027 0.029 0.005
20140709 11 20 0.4 0.011 0.024 0.004
20140710 15 30 0.3 0.028 0.019 0.004
20140711 33 57 0.6 0.060 0.022 0.007
20140712 43 68 0.5 0.053 0.021 0.006
20140713 32 52 0.4 0.039 0.016 0.005
20140714 45 72 0.5 0.049 0.019 0.006
20140715 51 84 0.5 0.049 0.023 0.005
20140716 29 48 0.4 0.041 0.023 0.005
20140717 13 21 0.3 0.027 0.021 0.005
20140718 10 15 0.3 0.026 0.025 0.005
20140719 27 42 0.3 0.023 0.023 0.005
20140720 32 52 0.4 0.034 0.019 0.005
20140721 31 50 0.4 0.023 0.025 0.006
20140722 11 18 0.3 0.007 0.015 0.005
20140723 10 17 0.4 0.013 0.028 0.004
20140724 7 11 0.4 0.020 0.029 0.004
20140725 8 16 0.3 0.014 0.021 0.004
20140726 20 34 0.4 0.047 0.013 0.004
20140727 50 75 0.5 0.064 0.018 0.004
20140728 39 60 0.6 0.041 0.031 0.004
20140729 24 37 0.4 0.042 0.025 0.005
20140730 16 26 0.4 0.024 0.023 0.004
20140731 16 26 0.4 0.014 0.028 0.005
20140801 9 16 0.3 0.018 0.022 0.004
20140802 7 12 0.2 0.020 0.013 0.004
20140803 5 9 0.2 0.021 0.012 0.004
20140804 7 11 0.3 0.019 0.021 0.004
20140805 29 46 0.4 0.032 0.022 0.005
20140806 26 43 0.5 0.028 0.033 0.004
20140807 21 38 0.5 0.013 0.037 0.004
20140808 10 19 0.3 0.028 0.018 0.004
20140809 12 19 0.3 0.044 0.014 0.004
20140810 6 11 0.3 0.030 0.013 0.004
20140811 13 24 0.3 0.027 0.020 0.004
20140812 37 57 0.4 0.049 0.023 0.005
20140813 43 68 0.6 0.019 0.035 0.005
20140814 16 26 0.4 0.021 0.029 0.004
20140815 18 30 0.4 0.028 0.027 0.004
20140816 21 37 0.4 0.029 0.028 0.005
20140817 17 29 0.4 0.016 0.028 0.004
20140818 6 10 0.3 0.022 0.018 0.004
20140819 9 16 0.4 0.012 0.030 0.004
20140820 17 31 0.5 0.013 0.036 0.005
20140821 9 15 0.4 0.013 0.027 0.004
20140822 43 67 0.6 0.038 0.025 0.006
20140823 45 72 0.6 0.033 0.025 0.006
20140824 34 55 0.5 0.032 0.027 0.005
20140825 26 41 0.5 0.027 0.022 0.004
20140826 7 12 0.3 0.032 0.021 0.004
20140827 5 9 0.3 0.022 0.019 0.004
20140828 9 17 0.3 0.025 0.025 0.004
20140829 14 25 0.4 0.024 0.034 0.004
20140830 12 21 0.4 0.027 0.026 0.004
20140831 14 23 0.4 0.023 0.029 0.004
20140901 18 29 0.5 0.027 0.036 0.004
20140902 11 19 0.4 0.017 0.029 0.004
20140903 4 6 0.3 0.019 0.022 0.004
20140904 9 15 0.3 0.024 0.024 0.004
20140905 15 24 0.4 0.024 0.033 0.005
20140906 20 32 0.4 0.031 0.029 0.005
20140907 27 44 0.5 0.034 0.024 0.004
20140908 31 48 0.5 0.035 0.020 0.005
20140909 34 54 0.5 0.039 0.020 0.005
20140910 14 25 0.4 0.027 0.030 0.004
20140911 20 34 0.4 0.026 0.031 0.004
20140912 21 36 0.5 0.016 0.042 0.004
20140913 12 20 0.4 0.022 0.026 0.004
20140914 8 15 0.3 0.027 0.019 0.004
20140915 20 34 0.4 0.035 0.026 0.005
20140916 13 33 0.3 0.025 0.029 0.005
20140917 18 45 0.4 0.013 0.038 0.005
20140918 10 20 0.4 0.016 0.030 0.004
20140919 13 27 0.4 0.018 0.041 0.005
20140920 17 30 0.4 0.024 0.039 0.005
20140921 17 29 0.4 0.020 0.036 0.005
20140922 16 27 0.4 0.022 0.035 0.004
20140923 13 23 0.4 0.022 0.032 0.004
20140924 10 17 0.4 0.019 0.027 0.004
20140925 12 21 0.4 0.020 0.036 0.005
20140926 14 26 0.4 0.015 0.032 0.004
20140927 16 29 0.4 0.024 0.027 0.005
20140928 24 40 0.5 0.017 0.029 0.005
20140929 25 45 0.6 0.010 0.037 0.004
20140930 10 20 0.4 0.016 0.021 0.004
20141001 13 24 0.3 0.019 0.024 0.004
20141002 18 31 0.5 0.012 0.033 0.005
20141003 14 22 0.6 0.024 0.021 0.004
20141004 10 19 0.4 0.019 0.021 0.004
20141005 9 17 0.3 0.030 0.014 0.004
20141006 10 19 0.3 0.022 0.024 0.004
20141007 16 28 0.4 0.016 0.035 0.005
20141008 19 34 0.5 0.015 0.046 0.005
20141009 24 40 0.5 0.023 0.045 0.005
20141010 21 39 0.5 0.022 0.031 0.004
20141011 16 29 0.4 0.027 0.023 0.004
20141012 16 30 0.4 0.020 0.030 0.004
20141013 9 23 0.3 0.026 0.015 0.004
20141014 10 24 0.3 0.018 0.024 0.004
20141015 17 32 0.5 0.019 0.038 0.005
20141016 15 36 0.4 0.022 0.029 0.005
20141017 14 32 0.5 0.013 0.040 0.005
20141018 18 38 0.6 0.009 0.049 0.006
20141019 30 56 0.6 0.019 0.043 0.006
20141020 20 30 0.6 0.011 0.037 0.005
20141021 8 12 0.4 0.014 0.025 0.004
20141022 10 15 0.4 0.018 0.022 0.004
20141023 16 27 0.5 0.011 0.039 0.005
20141024 23 38 0.7 0.010 0.045 0.006
20141025 25 45 0.7 0.012 0.043 0.006
20141026 20 35 0.5 0.019 0.027 0.005
20141027 14 42 0.3 0.021 0.024 0.005
20141028 24 59 0.6 0.008 0.048 0.005
20141029 30 60 0.8 0.005 0.069 0.006
20141030 34 63 1.0 0.004 0.077 0.006
20141031 24 42 0.7 0.011 0.056 0.005
20141101 21 38 0.5 0.019 0.037 0.005
20141102 29 56 0.4 0.036 0.014 0.005
20141103 12 37 0.3 0.020 0.022 0.005
20141104 13 29 0.6 0.008 0.042 0.005
20141105 17 32 0.6 0.011 0.045 0.006
20141106 27 54 0.7 0.016 0.042 0.007
20141107 19 50 0.6 0.008 0.043 0.006
20141108 29 62 0.8 0.003 0.053 0.006
20141109 26 58 0.6 0.018 0.034 0.006
20141110 27 56 0.9 0.010 0.055 0.006
20141111 37 69 0.9 0.009 0.060 0.006
20141112 15 41 0.4 0.024 0.016 0.005
20141113 9 77 0.3 0.022 0.016 0.004
20141114 14 30 0.5 0.011 0.040 0.006
20141115 16 33 0.6 0.012 0.034 0.006
20141116 23 44 0.7 0.009 0.045 0.007
20141117 20 31 0.6 0.017 0.030 0.005
20141118 21 35 0.6 0.013 0.037 0.005
20141119 30 53 0.9 0.008 0.053 0.006
20141120 34 62 1.0 0.007 0.059 0.007
20141121 32 57 0.8 0.009 0.055 0.007
20141122 25 42 0.7 0.007 0.051 0.005
20141123 34 65 0.7 0.009 0.036 0.005
20141124 35 66 0.8 0.004 0.045 0.006
20141125 17 31 0.6 0.016 0.030 0.005
20141126 16 28 0.5 0.016 0.034 0.005
20141127 25 47 0.9 0.004 0.052 0.006
20141128 16 25 0.6 0.006 0.038 0.004
20141129 11 18 0.6 0.008 0.031 0.004
20141130 9 14 0.6 0.010 0.027 0.004
20141201 11 41 0.4 0.022 0.013 0.004
20141202 13 92 0.4 0.017 0.017 0.005
20141203 12 24 0.5 0.011 0.030 0.005
20141204 13 43 0.4 0.017 0.022 0.006
20141205 11 30 0.4 0.019 0.018 0.006
20141206 12 32 0.4 0.018 0.020 0.006
20141207 19 43 0.6 0.007 0.035 0.007
20141208 20 38 0.6 0.012 0.033 0.006
20141209 24 48 0.8 0.008 0.045 0.007
20141210 29 51 1.0 0.003 0.057 0.007
20141211 23 48 0.6 0.013 0.027 0.006
20141212 22 38 0.6 0.011 0.034 0.006
20141213 13 29 0.4 0.017 0.018 0.006
20141214 18 33 0.7 0.008 0.034 0.007
20141215 24 42 0.8 0.003 0.042 0.005
20141216 17 31 0.5 0.016 0.020 0.006
20141217 7 20 0.4 0.021 0.014 0.005
20141218 15 27 0.6 0.013 0.033 0.006
20141219 24 42 0.9 0.003 0.050 0.006
20141220 15 27 0.5 0.014 0.027 0.006
20141221 11 20 0.5 0.013 0.021 0.005
20141222 17 28 0.7 0.007 0.039 0.006
20141223 25 42 1.1 0.003 0.055 0.007
20141224 29 51 1.0 0.012 0.045 0.008
20141225 15 27 0.5 0.020 0.021 0.006
20141226 18 34 0.6 0.011 0.036 0.006
20141227 30 51 1.0 0.005 0.053 0.007
20141228 33 54 1.2 0.004 0.059 0.007
20141229 62 111 1.2 0.006 0.057 0.012
20141230 50 106 1.1 0.010 0.048 0.009
20141231 16 37 0.6 0.015 0.029 0.006
20150101 13 66 0.4 0.019 0.012 0.005
20150102 13 29 0.5 0.016 0.021 0.006
20150103 20 37 0.7 0.006 0.040 0.007
20150104 23 42 0.8 0.005 0.045 0.007
20150105 40 76 1.1 0.004 0.055 0.008
20150106 16 39 0.5 0.021 0.021 0.005
20150107 12 34 0.4 0.019 0.023 0.006
20150108 20 44 0.6 0.010 0.038 0.006
20150109 27 49 0.9 0.006 0.049 0.007
20150110 20 37 0.7 0.011 0.041 0.008
20150111 22 44 0.6 0.018 0.024 0.008
20150112 23 43 0.7 0.011 0.039 0.007
20150113 31 58 1.0 0.005 0.056 0.008
20150114 38 72 1.1 0.004 0.061 0.009
20150115 33 62 0.9 0.007 0.054 0.008
20150116 45 82 0.8 0.014 0.035 0.007
20150117 17 35 0.4 0.020 0.022 0.006
20150118 17 33 0.6 0.008 0.037 0.006
20150119 32 63 0.7 0.018 0.026 0.007
20150120 25 48 0.7 0.007 0.044 0.006
20150121 32 60 0.9 0.004 0.052 0.007
20150122 25 46 0.8 0.009 0.043 0.007
20150123 25 43 0.8 0.010 0.042 0.007
20150124 29 53 0.7 0.011 0.047 0.008
20150125 34 60 0.8 0.006 0.043 0.006
20150126 26 40 0.7 0.014 0.033 0.005
20150127 25 48 0.5 0.020 0.021 0.006
20150128 18 44 0.5 0.013 0.033 0.006
20150129 26 50 0.8 0.004 0.046 0.006
20150130 19 39 0.5 0.019 0.024 0.006
20150131 19 41 0.5 0.016 0.030 0.006
20150201 17 31 0.6 0.013 0.036 0.006
20150202 23 43 0.8 0.006 0.053 0.006
20150203 33 61 1.0 0.005 0.062 0.008
20150204 47 79 1.1 0.011 0.057 0.009
20150205 52 93 0.9 0.021 0.040 0.011
20150206 29 53 0.7 0.014 0.045 0.008
20150207 25 46 0.7 0.014 0.044 0.008
20150208 15 101 0.3 0.026 0.010 0.004
20150209 17 40 0.5 0.015 0.028 0.006
20150210 47 98 0.9 0.010 0.046 0.013
20150211 45 88 0.9 0.013 0.048 0.009
20150212 13 35 0.4 0.026 0.020 0.006
20150213 16 31 0.4 0.021 0.029 0.006
20150214 30 56 0.8 0.009 0.052 0.007
20150215 39 78 0.7 0.021 0.041 0.008
20150216 24 41 0.6 0.017 0.037 0.005
20150217 36 65 0.7 0.023 0.025 0.006
20150218 42 62 0.7 0.024 0.024 0.006
20150219 39 62 0.7 0.015 0.037 0.006
20150220 33 51 0.8 0.017 0.039 0.006
20150221 16 24 0.6 0.013 0.037 0.005
20150222 33 249 0.5 0.018 0.023 0.005
20150223 66 569 0.5 0.019 0.023 0.004
20150224 27 108 0.6 0.016 0.034 0.005
20150225 26 72 0.6 0.015 0.041 0.007
20150226 17 34 0.4 0.028 0.018 0.005
20150227 17 31 0.4 0.024 0.020 0.005
20150228 23 43 0.6 0.010 0.042 0.006
20150301 28 99 0.5 0.025 0.022 0.005
20150302 24 90 0.6 0.016 0.038 0.007
20150303 24 52 0.5 0.021 0.036 0.006
20150304 17 42 0.4 0.030 0.015 0.005
20150305 25 41 0.5 0.018 0.035 0.005
20150306 27 46 0.7 0.010 0.051 0.007
20150307 28 51 0.8 0.015 0.052 0.007
20150308 47 86 0.8 0.021 0.052 0.009
20150309 33 71 0.5 0.031 0.025 0.007
20150310 11 32 0.3 0.029 0.013 0.005
20150311 17 40 0.4 0.026 0.025 0.006
20150312 12 32 0.4 0.025 0.026 0.006
20150313 20 43 0.5 0.026 0.031 0.006
20150314 19 38 0.5 0.021 0.037 0.006
20150315 24 43 0.7 0.016 0.047 0.008
20150316 43 92 0.8 0.014 0.060 0.008
20150317 65 130 1.1 0.006 0.080 0.011
20150318 40 76 0.7 0.019 0.040 0.006
20150319 27 54 0.6 0.019 0.042 0.006
20150320 35 101 0.8 0.017 0.055 0.008
20150321 58 171 0.9 0.029 0.055 0.013
20150322 43 147 0.7 0.028 0.031 0.008
20150323 15 56 0.4 0.032 0.018 0.005
20150324 18 43 0.4 0.021 0.035 0.006
20150325 21 42 0.5 0.016 0.045 0.006
20150326 22 46 0.5 0.019 0.048 0.007
20150327 26 53 0.5 0.020 0.050 0.008
20150328 22 45 0.6 0.026 0.049 0.008
20150329 31 71 0.5 0.028 0.032 0.007
20150330 46 151 0.7 0.022 0.047 0.007
20150331 51 109 0.7 0.021 0.047 0.007
20150401 15 23 0.5 0.026 0.023 0.004
20150402 12 22 0.4 0.026 0.020 0.004
20150403 19 33 0.7 0.014 0.032 0.005
20150404 8 14 0.4 0.031 0.020 0.004
20150405 10 17 0.4 0.020 0.024 0.004
20150406 21 60 0.4 0.019 0.027 0.004
20150407 16 40 0.4 0.020 0.024 0.004
20150408 15 29 0.4 0.025 0.026 0.004
20150409 25 49 0.5 0.019 0.048 0.006
20150410 27 55 0.5 0.028 0.043 0.007
20150411 33 68 0.6 0.025 0.048 0.007
20150412 26 48 0.5 0.034 0.032 0.005
20150413 14 26 0.3 0.045 0.015 0.004
20150414 14 19 0.4 0.033 0.026 0.004
20150415 27 44 0.5 0.035 0.032 0.006
20150416 29 78 0.5 0.029 0.035 0.006
20150417 16 69 0.4 0.027 0.033 0.005
20150418 18 57 0.6 0.015 0.051 0.006
20150419 14 29 0.4 0.024 0.029 0.004
20150420 8 14 0.4 0.032 0.026 0.004
20150421 21 43 0.5 0.024 0.041 0.006
20150422 33 71 0.6 0.036 0.040 0.008
20150423 32 63 0.6 0.030 0.042 0.007
20150424 31 72 0.5 0.044 0.032 0.006
20150425 20 59 0.5 0.021 0.043 0.006
20150426 27 58 0.5 0.038 0.034 0.008
20150427 31 63 0.5 0.040 0.040 0.008
20150428 24 48 0.5 0.024 0.046 0.006
20150429 26 42 0.4 0.018 0.033 0.005
20150430 18 31 0.4 0.025 0.035 0.005
20150501 24 42 0.5 0.029 0.040 0.006
20150502 23 37 0.4 0.025 0.034 0.006
20150503 17 25 0.4 0.018 0.021 0.004
20150504 15 49 0.3 0.028 0.019 0.004
20150505 12 38 0.3 0.032 0.023 0.006
20150506 15 45 0.4 0.028 0.039 0.007
20150507 17 42 0.5 0.024 0.046 0.006
20150508 27 54 0.5 0.027 0.039 0.007
20150509 20 40 0.4 0.038 0.027 0.006
20150510 18 40 0.4 0.030 0.028 0.005
20150511 19 41 0.4 0.029 0.029 0.005
20150512 16 38 0.4 0.038 0.016 0.005
20150513 22 66 0.4 0.046 0.022 0.006
20150514 27 57 0.4 0.044 0.026 0.006
20150515 47 97 0.6 0.036 0.030 0.006
20150516 24 50 0.5 0.038 0.032 0.006
20150517 30 53 0.5 0.045 0.029 0.007
20150518 21 42 0.4 0.029 0.037 0.006
20150519 29 49 0.5 0.036 0.025 0.005
20150520 17 40 0.4 0.031 0.023 0.005
20150521 21 42 0.4 0.037 0.031 0.007
20150522 26 51 0.5 0.039 0.037 0.008
20150523 21 42 0.5 0.034 0.039 0.006
20150524 16 31 0.4 0.037 0.029 0.005
20150525 23 41 0.4 0.034 0.033 0.007
20150526 21 39 0.4 0.028 0.039 0.006
20150527 20 36 0.4 0.028 0.047 0.005
20150528 21 41 0.4 0.039 0.046 0.006
20150529 25 47 0.4 0.029 0.046 0.007
20150530 23 38 0.3 0.024 0.030 0.005
20150531 25 42 0.4 0.035 0.026 0.005
20150601 21 37 0.4 0.035 0.037 0.008
20150602 21 36 0.4 0.036 0.033 0.006
20150603 14 42 0.3 0.038 0.015 0.004
20150604 17 39 0.5 0.037 0.037 0.006
20150605 17 31 0.4 0.032 0.033 0.005
20150606 17 31 0.3 0.043 0.023 0.005
20150607 18 31 0.4 0.050 0.017 0.005
20150608 22 37 0.4 0.038 0.026 0.006
20150609 26 43 0.4 0.036 0.021 0.005
20150610 27 48 0.4 0.039 0.033 0.005
20150611 24 40 0.4 0.034 0.027 0.005
20150612 25 44 0.4 0.046 0.022 0.005
20150613 34 73 0.5 0.048 0.023 0.006
20150614 18 30 0.4 0.050 0.015 0.004
20150615 23 37 0.4 0.041 0.025 0.004
20150616 28 47 0.5 0.035 0.032 0.005
20150617 28 44 0.5 0.036 0.030 0.005
20150618 17 27 0.3 0.037 0.018 0.004
20150619 14 23 0.3 0.040 0.019 0.004
20150620 24 38 0.5 0.024 0.029 0.005
20150621 13 22 0.4 0.035 0.019 0.004
20150622 19 30 0.4 0.031 0.032 0.006
20150623 22 34 0.4 0.041 0.028 0.006
20150624 26 40 0.5 0.041 0.031 0.006
20150625 26 39 0.4 0.032 0.029 0.005
20150626 8 11 0.3 0.035 0.015 0.004
20150627 8 12 0.3 0.036 0.017 0.004
20150628 13 23 0.4 0.035 0.022 0.005
20150629 15 23 0.3 0.038 0.024 0.006
20150630 19 31 0.4 0.031 0.027 0.005
20150701 19 34 0.4 0.040 0.017 0.005
20150702 31 50 0.5 0.050 0.017 0.005
20150703 22 38 0.4 0.033 0.022 0.005
20150704 18 30 0.4 0.039 0.026 0.005
20150705 20 33 0.4 0.041 0.021 0.006
20150706 17 29 0.4 0.033 0.027 0.005
20150707 20 33 0.4 0.030 0.030 0.005
20150708 5 9 0.3 0.032 0.015 0.004
20150709 6 11 0.3 0.028 0.016 0.004
20150710 12 20 0.4 0.028 0.026 0.004
20150711 17 26 0.4 0.030 0.031 0.004
20150712 6 9 0.3 0.011 0.011 0.004
20150713 21 31 0.4 0.030 0.014 0.004
20150714 38 63 0.5 0.048 0.025 0.005
20150715 29 47 0.5 0.034 0.023 0.005
20150716 5 11 0.2 0.027 0.011 0.004
20150717 5 11 0.2 0.025 0.015 0.004
20150718 18 28 0.3 0.025 0.024 0.005
20150719 16 24 0.4 0.029 0.018 0.004
20150720 13 21 0.4 0.012 0.023 0.004
20150721 16 26 0.4 0.013 0.026 0.004
20150722 20 32 0.5 0.018 0.035 0.005
20150723 18 27 0.4 0.015 0.030 0.005
20150724 9 15 0.4 0.012 0.026 0.004
20150725 11 19 0.3 0.013 0.018 0.004
20150726 10 17 0.3 0.013 0.014 0.004
20150727 16 26 0.3 0.008 0.021 0.005
20150728 23 34 0.4 0.022 0.021 0.005
20150729 27 38 0.5 0.023 0.025 0.005
20150730 47 69 0.5 0.043 0.019 0.005
20150731 40 57 0.4 0.041 0.022 0.005
20150801 32 47 0.4 0.035 0.018 0.005
20150802 21 30 0.4 0.031 0.014 0.004
20150803 17 27 0.3 0.020 0.016 0.006
20150804 16 25 0.3 0.020 0.015 0.005
20150805 21 31 0.3 0.032 0.019 0.005
20150806 22 33 0.4 0.027 0.024 0.005
20150807 26 38 0.4 0.031 0.032 0.004
20150808 21 32 0.4 0.022 0.028 0.004
20150809 12 20 0.3 0.024 0.016 0.004
20150810 18 29 0.3 0.022 0.020 0.005
20150811 37 57 0.6 0.026 0.030 0.005
20150812 32 51 0.5 0.035 0.023 0.005
20150813 23 38 0.5 0.025 0.030 0.005
20150814 24 38 0.5 0.034 0.027 0.005
20150815 44 65 0.6 0.048 0.022 0.005
20150816 45 65 0.5 0.041 0.020 0.005
20150817 17 25 0.4 0.034 0.020 0.004
20150818 13 21 0.3 0.033 0.021 0.004
20150819 21 35 0.4 0.027 0.031 0.005
20150820 22 35 0.5 0.018 0.037 0.006
20150821 19 30 0.4 0.019 0.027 0.005
20150822 24 37 0.4 0.035 0.024 0.005
20150823 24 38 0.4 0.040 0.021 0.005
20150824 18 28 0.3 0.030 0.017 0.004
20150825 4 7 0.2 0.018 0.013 0.004
20150826 6 10 0.3 0.020 0.018 0.005
20150827 11 21 0.3 0.030 0.023 0.005
20150828 17 28 0.5 0.017 0.040 0.005
20150829 20 31 0.4 0.028 0.032 0.005
20150830 22 33 0.4 0.034 0.022 0.005
20150831 22 32 0.4 0.036 0.026 0.004
20150901 16 24 0.4 0.034 0.017 0.004
20150902 16 24 0.4 0.023 0.027 0.004
20150903 14 24 0.4 0.026 0.024 0.004
20150904 20 33 0.5 0.027 0.029 0.005
20150905 19 31 0.5 0.019 0.029 0.004
20150906 7 13 0.3 0.030 0.011 0.004
20150907 7 13 0.3 0.025 0.020 0.004
20150908 7 12 0.3 0.026 0.019 0.004
20150909 8 16 0.3 0.027 0.019 0.004
20150910 13 28 0.3 0.023 0.024 0.004
20150911 21 37 0.5 0.022 0.026 0.005
20150912 11 21 0.3 0.021 0.023 0.004
20150913 10 21 0.3 0.029 0.017 0.004
20150914 17 31 0.5 0.024 0.034 0.005
20150915 14 25 0.4 0.023 0.031 0.004
20150916 8 16 0.3 0.027 0.022 0.004
20150917 6 12 0.3 0.027 0.017 0.004
20150918 11 20 0.4 0.025 0.029 0.004
20150919 16 32 0.4 0.021 0.031 0.004
20150920 30 48 0.5 0.030 0.029 0.005
20150921 30 47 0.6 0.026 0.039 0.005
20150922 25 40 0.6 0.030 0.043 0.005
20150923 25 41 0.5 0.014 0.051 0.005
20150924 22 37 0.5 0.022 0.040 0.005
20150925 22 37 0.5 0.030 0.037 0.005
20150926 28 49 0.6 0.030 0.029 0.005
20150927 15 34 0.4 0.023 0.028 0.004
20150928 14 31 0.4 0.026 0.026 0.004
20150929 10 23 0.3 0.030 0.015 0.004
20150930 8 18 0.3 0.024 0.022 0.004
20151001 8 15 0.4 0.017 0.022 0.004
20151002 10 29 0.3 0.024 0.022 0.005
20151003 17 42 0.4 0.037 0.019 0.005
20151004 12 28 0.4 0.023 0.026 0.004
20151005 14 28 0.5 0.014 0.040 0.004
20151006 16 31 0.5 0.014 0.044 0.005
20151007 23 46 0.5 0.013 0.047 0.005
20151008 27 52 0.5 0.022 0.039 0.005
20151009 11 33 0.3 0.027 0.018 0.005
20151010 11 22 0.4 0.021 0.025 0.004
20151011 9 16 0.4 0.016 0.021 0.004
20151012 10 18 0.3 0.017 0.019 0.004
20151013 16 31 0.5 0.015 0.037 0.005
20151014 26 48 0.7 0.012 0.053 0.005
20151015 36 59 0.8 0.016 0.059 0.006
20151016 43 70 0.8 0.016 0.060 0.006
20151017 34 59 0.7 0.017 0.054 0.005
20151018 48 76 0.7 0.026 0.045 0.005
20151019 62 98 0.8 0.022 0.048 0.006
20151020 57 97 0.8 0.019 0.048 0.006
20151021 70 117 0.8 0.021 0.045 0.006
20151022 48 81 0.6 0.016 0.039 0.005
20151023 29 52 0.5 0.016 0.037 0.005
20151024 21 35 0.5 0.022 0.029 0.004
20151025 16 29 0.5 0.020 0.029 0.004
20151026 16 31 0.4 0.012 0.037 0.004
20151027 13 36 0.4 0.022 0.021 0.004
20151028 13 31 0.4 0.018 0.026 0.005
20151029 12 23 0.4 0.016 0.027 0.004
20151030 10 28 0.4 0.019 0.019 0.004
20151031 16 32 0.5 0.013 0.031 0.005
20151101 24 41 0.6 0.005 0.044 0.005
20151102 29 52 0.7 0.010 0.046 0.006
20151103 42 71 0.9 0.013 0.055 0.006
20151104 55 86 0.9 0.009 0.067 0.008
20151105 52 81 0.9 0.012 0.063 0.006
20151106 32 48 0.6 0.021 0.031 0.004
20151107 8 10 0.4 0.022 0.020 0.003
20151108 3 5 0.3 0.023 0.017 0.003
20151109 8 13 0.4 0.013 0.025 0.003
20151110 31 46 0.7 0.007 0.034 0.004
20151111 26 42 0.7 0.005 0.043 0.004
20151112 10 16 0.5 0.012 0.032 0.004
20151113 8 13 0.4 0.012 0.031 0.004
20151114 8 12 0.5 0.008 0.034 0.004
20151115 12 19 0.5 0.009 0.031 0.004
20151116 17 28 0.6 0.003 0.035 0.004
20151117 12 20 0.6 0.011 0.030 0.004
20151118 6 10 0.4 0.017 0.021 0.004
20151119 8 14 0.4 0.009 0.028 0.004
20151120 22 38 0.6 0.008 0.035 0.005
20151121 33 51 0.8 0.010 0.041 0.005
20151122 20 31 0.6 0.011 0.030 0.004
20151123 5 8 0.4 0.014 0.023 0.003
20151124 15 24 0.5 0.013 0.025 0.004
20151125 9 12 0.4 0.015 0.023 0.004
20151126 24 34 0.4 0.023 0.017 0.005
20151127 26 39 0.5 0.018 0.025 0.005
20151128 28 44 0.6 0.008 0.040 0.005
20151129 29 39 0.6 0.005 0.034 0.004
20151130 29 43 0.7 0.010 0.037 0.006
20151201 32 52 1.0 0.004 0.049 0.006
20151202 31 52 0.9 0.009 0.040 0.006
20151203 12 20 0.4 0.016 0.019 0.004
20151204 15 39 0.5 0.015 0.027 0.004
20151205 16 34 0.6 0.014 0.033 0.005
20151206 19 34 0.6 0.011 0.034 0.006
20151207 29 51 0.8 0.004 0.049 0.005
20151208 36 63 1.0 0.003 0.065 0.007
20151209 39 69 1.1 0.003 0.064 0.007
20151210 28 47 0.9 0.003 0.048 0.006
20151211 21 33 0.6 0.015 0.029 0.005
20151212 16 31 0.6 0.015 0.035 0.005
20151213 25 42 0.8 0.007 0.045 0.006
20151214 29 47 0.8 0.003 0.046 0.005
20151215 33 54 0.7 0.013 0.031 0.005
20151216 13 28 0.4 0.021 0.016 0.005
20151217 11 20 0.4 0.016 0.018 0.004
20151218 23 42 0.8 0.004 0.043 0.006
20151219 36 62 1.0 0.004 0.048 0.006
20151220 35 56 1.0 0.004 0.050 0.006
20151221 34 52 0.8 0.004 0.044 0.005
20151222 40 65 0.8 0.004 0.044 0.005
20151223 37 59 0.9 0.005 0.050 0.006
20151224 61 98 0.9 0.012 0.041 0.007
20151225 16 29 0.5 0.017 0.027 0.006
20151226 40 75 0.8 0.012 0.035 0.006
20151227 16 29 0.4 0.019 0.020 0.005
20151228 15 27 0.5 0.014 0.027 0.005
20151229 32 57 1.0 0.004 0.052 0.007
20151230 36 60 0.8 0.004 0.050 0.006
20151231 43 64 0.8 0.007 0.042 0.006
20160101 45 68 1.0 0.006 0.047 0.006
20160102 31 51 0.7 0.009 0.044 0.006
20160103 58 96 0.9 0.013 0.049 0.007
20160104 47 74 0.6 0.025 0.025 0.006
20160105 16 32 0.4 0.016 0.025 0.006
20160106 29 56 0.7 0.008 0.041 0.007
20160107 20 39 0.5 0.016 0.026 0.006
20160108 18 34 0.5 0.014 0.030 0.006
20160109 19 37 0.5 0.014 0.032 0.006
20160110 19 32 0.5 0.020 0.026 0.006
20160111 21 40 0.5 0.017 0.028 0.006
20160112 24 49 0.6 0.012 0.035 0.006
20160113 20 38 0.5 0.014 0.032 0.005
20160114 21 43 0.6 0.011 0.037 0.006
20160115 29 51 0.7 0.007 0.049 0.006
20160116 43 69 0.8 0.005 0.049 0.006
20160117 46 69 0.9 0.007 0.047 0.006
20160118 32 56 0.6 0.021 0.023 0.005
20160119 13 33 0.4 0.024 0.015 0.005
20160120 22 38 0.5 0.014 0.031 0.005
20160121 30 51 0.7 0.011 0.039 0.006
20160122 27 50 0.6 0.014 0.034 0.006
20160123 14 32 0.4 0.026 0.015 0.005
20160124 19 38 0.4 0.024 0.015 0.006
20160125 17 50 0.5 0.014 0.033 0.006
20160126 37 78 0.9 0.005 0.055 0.008
20160127 31 63 0.8 0.012 0.047 0.007
20160128 31 58 0.9 0.005 0.056 0.006
20160129 26 50 0.7 0.009 0.043 0.007
20160130 24 40 0.8 0.009 0.042 0.006
20160131 21 39 0.5 0.025 0.020 0.006
20160201 18 40 0.5 0.021 0.025 0.005
20160202 22 45 0.6 0.015 0.038 0.006
20160203 30 56 0.9 0.009 0.054 0.007
20160204 30 55 0.8 0.015 0.043 0.007
20160205 21 45 0.6 0.018 0.035 0.007
20160206 24 50 0.5 0.025 0.023 0.007
20160207 24 46 0.6 0.015 0.034 0.006
20160208 41 73 0.7 0.024 0.031 0.007
20160209 25 50 0.5 0.027 0.020 0.007
20160210 22 40 0.8 0.009 0.045 0.006
20160211 25 46 0.8 0.010 0.050 0.007
20160212 21 33 0.7 0.010 0.042 0.005
20160213 10 15 0.7 0.006 0.035 0.005
20160214 17 29 0.4 0.023 0.014 0.005
20160215 11 33 0.4 0.027 0.018 0.004
20160216 15 27 0.5 0.018 0.029 0.005
20160217 15 38 0.5 0.015 0.036 0.005
20160218 22 44 0.6 0.021 0.038 0.006
20160219 41 82 0.9 0.008 0.046 0.007
20160220 18 44 0.5 0.020 0.031 0.005
20160221 12 26 0.4 0.029 0.019 0.005
20160222 18 43 0.5 0.011 0.042 0.005
20160223 27 53 0.5 0.020 0.029 0.005
20160224 17 32 0.4 0.023 0.026 0.005
20160225 28 51 0.6 0.020 0.034 0.006
20160226 28 49 0.6 0.022 0.036 0.007
20160227 40 65 0.6 0.019 0.040 0.006
20160228 28 46 0.6 0.016 0.041 0.005
20160229 28 54 0.4 0.029 0.020 0.005
20160301 17 31 0.4 0.027 0.024 0.005
20160302 20 36 0.5 0.020 0.036 0.006
20160303 30 56 0.5 0.019 0.044 0.005
20160304 36 68 0.6 0.018 0.046 0.006
20160305 14 22 0.5 0.012 0.032 0.005
20160306 23 94 0.5 0.024 0.023 0.005
20160307 28 108 0.7 0.008 0.049 0.005
20160308 20 71 0.5 0.027 0.023 0.005
20160309 15 44 0.4 0.027 0.018 0.005
20160310 14 35 0.4 0.029 0.017 0.005
20160311 17 36 0.4 0.029 0.023 0.005
20160312 19 43 0.5 0.024 0.032 0.005
20160313 35 61 0.6 0.026 0.035 0.006
20160314 42 64 0.6 0.032 0.029 0.005
20160315 28 57 0.6 0.021 0.046 0.006
20160316 32 64 0.6 0.020 0.053 0.008
20160317 40 76 0.9 0.008 0.074 0.007
20160318 36 66 0.8 0.020 0.056 0.007
20160319 39 77 0.6 0.029 0.035 0.005
20160320 44 83 0.7 0.024 0.042 0.007
20160321 48 87 0.7 0.022 0.051 0.007
20160322 44 72 0.6 0.028 0.044 0.006
20160323 46 81 0.5 0.032 0.030 0.005
20160324 21 41 0.4 0.029 0.027 0.004
20160325 35 70 0.6 0.023 0.042 0.006
20160326 40 66 0.6 0.026 0.042 0.005
20160327 40 66 0.6 0.037 0.035 0.006
20160328 40 70 0.6 0.033 0.048 0.008
20160329 51 97 0.6 0.049 0.035 0.007
20160330 48 91 0.6 0.031 0.039 0.006
20160331 22 51 0.6 0.017 0.057 0.007
20160401 30 72 0.7 0.024 0.061 0.007
20160402 39 80 0.7 0.037 0.050 0.008
20160403 31 52 0.5 0.028 0.029 0.004
20160404 12 29 0.5 0.021 0.033 0.004
20160405 22 58 0.5 0.028 0.038 0.007
20160406 36 74 0.6 0.027 0.050 0.008
20160407 24 43 0.5 0.033 0.030 0.005
20160408 39 77 0.5 0.030 0.034 0.006
20160409 58 117 0.8 0.019 0.041 0.006
20160410 68 134 0.8 0.039 0.031 0.006
20160411 20 46 0.4 0.031 0.031 0.004
20160412 27 57 0.5 0.030 0.035 0.005
20160413 32 58 0.6 0.021 0.045 0.005
20160414 30 57 0.6 0.017 0.042 0.005
20160415 27 54 0.6 0.031 0.039 0.005
20160416 24 51 0.5 0.029 0.040 0.005
20160417 16 46 0.4 0.040 0.015 0.004
20160418 23 63 0.5 0.035 0.025 0.005
20160419 20 45 0.4 0.030 0.031 0.004
20160420 31 63 0.6 0.020 0.047 0.005
20160421 17 27 0.4 0.028 0.031 0.004
20160422 47 81 0.6 0.034 0.031 0.005
20160423 42 198 0.6 0.027 0.032 0.005
20160424 26 144 0.5 0.031 0.031 0.004
20160425 24 76 0.6 0.023 0.051 0.005
20160426 29 78 0.6 0.037 0.039 0.005
20160427 16 50 0.4 0.045 0.021 0.004
20160428 20 58 0.4 0.035 0.033 0.004
20160429 27 63 0.5 0.039 0.033 0.005
20160430 35 76 0.6 0.058 0.027 0.007
20160501 20 45 0.5 0.050 0.024 0.005
20160502 24 46 0.5 0.030 0.030 0.004
20160503 9 19 0.3 0.030 0.015 0.004
20160504 12 49 0.3 0.041 0.018 0.004
20160505 21 54 0.6 0.030 0.036 0.005
20160506 22 46 0.5 0.022 0.032 0.004
20160507 22 112 0.5 0.030 0.026 0.005
20160508 16 52 0.5 0.039 0.027 0.005
20160509 21 59 0.5 0.038 0.033 0.005
20160510 14 31 0.4 0.036 0.022 0.004
20160511 13 29 0.4 0.034 0.027 0.004
20160512 15 29 0.4 0.035 0.030 0.005
20160513 21 39 0.5 0.043 0.024 0.004
20160514 18 34 0.4 0.039 0.030 0.005
20160515 19 33 0.4 0.039 0.020 0.004
20160516 17 35 0.5 0.042 0.021 0.005
20160517 37 67 0.6 0.041 0.041 0.008
20160518 28 51 0.6 0.033 0.045 0.006
20160519 20 39 0.5 0.033 0.041 0.004
20160520 30 52 0.5 0.041 0.048 0.005
20160521 25 38 0.4 0.042 0.036 0.004
20160522 38 55 0.5 0.053 0.033 0.005
20160523 45 68 0.5 0.047 0.041 0.006
20160524 23 33 0.4 0.042 0.023 0.004
20160525 61 90 0.5 0.053 0.024 0.005
20160526 71 106 0.7 0.038 0.038 0.006
20160527 54 91 0.6 0.037 0.038 0.005
20160528 39 77 0.5 0.039 0.037 0.006
20160529 42 82 0.6 0.045 0.032 0.007
20160530 54 92 0.6 0.052 0.032 0.006
20160531 46 78 0.5 0.044 0.028 0.006
20160601 22 41 0.4 0.039 0.025 0.004
20160602 18 36 0.4 0.039 0.031 0.005
20160603 25 46 0.4 0.043 0.034 0.005
20160604 28 52 0.5 0.033 0.036 0.004
20160605 28 50 0.4 0.047 0.028 0.004
20160606 13 22 0.3 0.044 0.018 0.004
20160607 26 42 0.4 0.033 0.029 0.005
20160608 24 38 0.4 0.027 0.028 0.004
20160609 31 53 0.4 0.028 0.034 0.005
20160610 36 60 0.5 0.034 0.039 0.006
20160611 31 48 0.4 0.026 0.023 0.005
20160612 20 30 0.3 0.024 0.016 0.004
20160613 36 63 0.5 0.031 0.028 0.004
20160614 31 51 0.5 0.035 0.033 0.005
20160615 23 36 0.4 0.029 0.024 0.004
20160616 19 31 0.4 0.043 0.019 0.004
20160617 36 54 0.5 0.054 0.025 0.005
20160618 45 66 0.6 0.048 0.031 0.005
20160619 28 40 0.5 0.035 0.024 0.004
20160620 35 52 0.5 0.043 0.030 0.005
20160621 42 62 0.6 0.046 0.042 0.005
20160622 48 70 0.6 0.034 0.038 0.005
20160623 30 44 0.5 0.036 0.029 0.005
20160624 32 55 0.4 0.032 0.027 0.004
20160625 17 32 0.4 0.040 0.021 0.005
20160626 18 31 0.4 0.041 0.019 0.005
20160627 21 35 0.4 0.034 0.034 0.006
20160628 41 61 0.5 0.040 0.034 0.005
20160629 24 36 0.4 0.039 0.030 0.005
20160630 20 30 0.4 0.028 0.022 0.004
20160701 14 21 0.3 0.018 0.024 0.004
20160702 9 14 0.3 0.029 0.019 0.004
20160703 29 41 0.4 0.043 0.019 0.004
20160704 14 21 0.4 0.021 0.025 0.003
20160705 8 13 0.4 0.012 0.019 0.004
20160706 9 18 0.4 0.023 0.024 0.004
20160707 26 42 0.5 0.025 0.038 0.006
20160708 36 56 0.5 0.034 0.032 0.004
20160709 23 39 0.4 0.029 0.026 0.004
20160710 22 35 0.4 0.030 0.028 0.005
20160711 36 54 0.5 0.039 0.035 0.005
20160712 27 38 0.4 0.026 0.030 0.006
20160713 17 30 0.3 0.014 0.025 0.005
20160714 17 29 0.3 0.030 0.023 0.004
20160715 10 18 0.3 0.026 0.020 0.004
20160716 5 9 0.3 0.018 0.017 0.004
20160717 9 14 0.3 0.021 0.015 0.004
20160718 16 28 0.4 0.018 0.025 0.005
20160719 21 36 0.4 0.036 0.030 0.004
20160720 23 37 0.4 0.037 0.028 0.004
20160721 19 31 0.4 0.035 0.025 0.004
20160722 23 36 0.4 0.036 0.024 0.004
20160723 27 41 0.4 0.028 0.024 0.004
20160724 25 38 0.3 0.019 0.019 0.004
20160725 31 44 0.3 0.019 0.023 0.005
20160726 23 34 0.3 0.015 0.019 0.005
20160727 23 35 0.3 0.016 0.019 0.004
20160728 39 57 0.5 0.040 0.020 0.004
20160729 29 46 0.5 0.020 0.031 0.004
20160730 30 44 0.4 0.029 0.023 0.004
20160731 27 39 0.3 0.018 0.017 0.004
20160801 22 33 0.4 0.014 0.021 0.004
20160802 16 27 0.4 0.013 0.025 0.004
20160803 17 29 0.4 0.027 0.028 0.004
20160804 20 32 0.4 0.029 0.027 0.004
20160805 26 40 0.5 0.039 0.030 0.004
20160806 39 59 0.6 0.049 0.030 0.004
20160807 25 36 0.4 0.038 0.022 0.004
20160808 25 40 0.4 0.030 0.023 0.004
20160809 22 32 0.4 0.036 0.027 0.004
20160810 44 64 0.5 0.039 0.027 0.005
20160811 20 32 0.4 0.026 0.023 0.004
20160812 28 42 0.4 0.027 0.024 0.004
20160813 25 36 0.3 0.021 0.019 0.004
20160814 27 36 0.3 0.020 0.014 0.004
20160815 23 36 0.4 0.030 0.018 0.004
20160816 29 46 0.5 0.037 0.027 0.005
20160817 25 42 0.4 0.034 0.027 0.004
20160818 35 53 0.5 0.043 0.033 0.005
20160819 42 60 0.5 0.039 0.037 0.005
20160820 21 33 0.4 0.038 0.023 0.004
20160821 18 27 0.3 0.043 0.017 0.004
20160822 18 29 0.3 0.036 0.023 0.004
20160823 21 34 0.4 0.032 0.028 0.004
20160824 22 35 0.4 0.030 0.029 0.005
20160825 18 30 0.4 0.025 0.026 0.004
20160826 6 14 0.3 0.029 0.015 0.004
20160827 5 13 0.3 0.028 0.016 0.004
20160828 4 11 0.3 0.023 0.011 0.004
20160829 7 16 0.3 0.020 0.018 0.004
20160830 9 28 0.3 0.022 0.017 0.004
20160831 7 18 0.3 0.018 0.018 0.004
20160901 33 60 0.6 0.040 0.027 0.005
20160902 23 33 0.4 0.039 0.020 0.004
20160903 13 21 0.4 0.030 0.024 0.004
20160904 13 22 0.5 0.021 0.022 0.004
20160905 17 31 0.5 0.022 0.026 0.004
20160906 35 58 0.5 0.027 0.031 0.005
20160907 51 76 0.6 0.029 0.030 0.005
20160908 30 48 0.6 0.019 0.035 0.005
20160909 27 42 0.6 0.025 0.032 0.004
20160910 27 41 0.5 0.032 0.029 0.004
20160911 27 39 0.5 0.039 0.020 0.004
20160912 18 29 0.5 0.018 0.026 0.004
20160913 10 18 0.4 0.022 0.025 0.004
20160914 21 32 0.5 0.032 0.024 0.004
20160915 27 41 0.5 0.028 0.023 0.004
20160916 35 50 0.5 0.036 0.022 0.007
20160917 20 29 0.4 0.036 0.013 0.004
20160918 13 23 0.3 0.035 0.011 0.003
20160919 5 13 0.3 0.027 0.014 0.003
20160920 10 18 0.3 0.029 0.017 0.003
20160921 22 33 0.4 0.024 0.026 0.004
20160922 26 40 0.4 0.026 0.030 0.004
20160923 33 51 0.5 0.031 0.037 0.004
20160924 41 61 0.6 0.041 0.038 0.005
20160925 36 53 0.5 0.032 0.035 0.005
20160926 29 45 0.5 0.018 0.040 0.004
20160927 23 35 0.5 0.008 0.037 0.004
20160928 21 35 0.5 0.010 0.030 0.004
20160929 6 14 0.4 0.015 0.017 0.004
20160930 14 30 0.4 0.012 0.030 0.004
20161001 26 45 0.6 0.012 0.037 0.004
20161002 17 29 0.5 0.011 0.026 0.004
20161003 9 17 0.4 0.021 0.019 0.004
20161004 15 30 0.5 0.020 0.025 0.004
20161005 13 26 0.4 0.026 0.020 0.004
20161006 18 38 0.5 0.024 0.023 0.004
20161007 12 26 0.4 0.018 0.024 0.004
20161008 10 21 0.4 0.028 0.016 0.004
20161009 9 18 0.3 0.027 0.012 0.004
20161010 11 27 0.4 0.018 0.028 0.004
20161011 22 44 0.6 0.013 0.042 0.005
20161012 29 55 0.5 0.022 0.027 0.004
20161013 20 42 0.5 0.014 0.038 0.005
20161014 41 72 0.7 0.012 0.048 0.005
20161015 49 78 0.8 0.016 0.047 0.005
20161016 36 54 0.6 0.012 0.035 0.004
20161017 32 51 0.6 0.017 0.032 0.004
20161018 29 55 0.7 0.012 0.039 0.004
20161019 36 64 0.7 0.021 0.050 0.005
20161020 37 64 0.7 0.023 0.041 0.004
20161021 12 24 0.4 0.023 0.023 0.004
20161022 15 29 0.4 0.022 0.024 0.004
20161023 6 11 0.3 0.025 0.014 0.003
20161024 7 17 0.3 0.018 0.024 0.003
20161025 9 16 0.5 0.013 0.027 0.003
20161026 21 41 0.8 0.007 0.034 0.004
20161027 22 44 0.6 0.009 0.032 0.004
20161028 17 37 0.5 0.018 0.026 0.004
20161029 16 35 0.3 0.023 0.019 0.004
20161030 12 26 0.4 0.015 0.028 0.004
20161031 15 29 0.5 0.009 0.034 0.005
20161101 10 23 0.3 0.021 0.020 0.004
20161102 16 35 0.5 0.010 0.038 0.004
20161103 23 41 0.6 0.012 0.043 0.005
20161104 33 60 0.6 0.025 0.038 0.006
20161105 44 75 0.6 0.036 0.033 0.005
20161106 19 32 0.4 0.023 0.023 0.004
20161107 23 34 0.4 0.019 0.027 0.004
20161108 49 64 0.5 0.025 0.019 0.004
20161109 27 41 0.5 0.015 0.031 0.004
20161110 26 41 0.6 0.004 0.044 0.004
20161111 22 50 0.6 0.015 0.035 0.004
20161112 31 75 0.7 0.016 0.042 0.005
20161113 30 62 0.6 0.014 0.040 0.005
20161114 29 53 0.7 0.007 0.044 0.004
20161115 20 58 0.4 0.020 0.023 0.004
20161116 27 54 0.6 0.006 0.044 0.005
20161117 39 74 0.9 0.006 0.051 0.005
20161118 54 94 1.0 0.005 0.056 0.006
20161119 34 56 0.6 0.011 0.041 0.005
20161120 24 44 0.6 0.019 0.024 0.004
20161121 29 62 0.7 0.008 0.042 0.004
20161122 18 43 0.4 0.020 0.019 0.004
20161123 15 38 0.4 0.016 0.022 0.004
20161124 13 27 0.4 0.019 0.023 0.005
20161125 21 39 0.7 0.008 0.042 0.005
20161126 36 54 0.8 0.003 0.046 0.005
20161127 48 71 0.8 0.004 0.040 0.005
20161128 39 81 0.6 0.015 0.027 0.005
20161129 23 40 0.7 0.007 0.042 0.005
20161130 27 46 0.7 0.003 0.048 0.006
20161201 26 50 0.5 0.020 0.022 0.005
20161202 17 37 0.6 0.010 0.036 0.005
20161203 30 54 0.8 0.006 0.051 0.006
20161204 53 81 1.0 0.003 0.058 0.006
20161205 56 85 0.8 0.014 0.036 0.006
20161206 12 26 0.4 0.015 0.026 0.005
20161207 27 51 0.7 0.005 0.046 0.006
20161208 34 56 0.8 0.005 0.045 0.005
20161209 23 34 0.5 0.016 0.026 0.005
20161210 21 34 0.5 0.014 0.029 0.004
20161211 22 35 0.7 0.010 0.036 0.005
20161212 29 46 0.8 0.003 0.047 0.005
20161213 40 62 0.9 0.008 0.043 0.006
20161214 30 53 0.6 0.008 0.030 0.005
20161215 17 35 0.5 0.017 0.021 0.005
20161216 17 33 0.5 0.013 0.030 0.005
20161217 35 57 0.9 0.005 0.050 0.006
20161218 33 49 0.8 0.006 0.045 0.005
20161219 24 38 0.7 0.006 0.041 0.005
20161220 34 53 0.9 0.005 0.047 0.005
20161221 25 40 0.7 0.006 0.038 0.005
20161222 21 30 0.6 0.011 0.025 0.004
20161223 36 52 0.5 0.016 0.018 0.004
20161224 51 67 0.7 0.010 0.028 0.005
20161225 42 56 0.9 0.005 0.035 0.004
20161226 33 50 0.9 0.005 0.040 0.005
20161227 27 41 0.5 0.019 0.019 0.005
20161228 25 44 0.6 0.009 0.036 0.005
20161229 16 35 0.5 0.014 0.026 0.005
20161230 24 42 0.7 0.006 0.042 0.005
20161231 40 58 1.0 0.003 0.051 0.006
20170101 57 77 1.0 0.004 0.046 0.005
20170102 79 110 0.9 0.016 0.040 0.006
20170103 52 79 0.8 0.013 0.043 0.006
20170104 35 55 0.9 0.009 0.051 0.006
20170105 22 36 0.7 0.011 0.036 0.005
20170106 13 20 0.5 0.013 0.035 0.004
20170107 37 54 0.9 0.005 0.049 0.005
20170108 22 31 0.6 0.015 0.032 0.004
20170109 46 59 0.6 0.027 0.021 0.005
20170110 16 31 0.4 0.023 0.020 0.005
20170111 12 24 0.5 0.015 0.029 0.005
20170112 16 30 0.5 0.017 0.028 0.005
20170113 13 30 0.4 0.022 0.019 0.004
20170114 12 44 0.4 0.024 0.013 0.004
20170115 14 27 0.5 0.016 0.022 0.004
20170116 26 47 0.8 0.006 0.042 0.005
20170117 45 68 1.1 0.003 0.060 0.007
20170118 73 99 1.1 0.005 0.053 0.007
20170119 72 102 1.0 0.007 0.052 0.006
20170120 40 57 0.6 0.019 0.030 0.005
20170121 34 48 0.7 0.008 0.042 0.005
20170122 27 75 0.5 0.028 0.015 0.006
20170123 35 47 0.5 0.021 0.025 0.005
20170124 28 39 0.6 0.013 0.039 0.005
20170125 36 49 0.8 0.008 0.050 0.005
20170126 48 64 1.0 0.009 0.055 0.006
20170127 20 107 0.4 0.026 0.016 0.004
20170128 12 32 0.6 0.011 0.033 0.004
20170129 16 27 0.7 0.006 0.037 0.004
20170130 34 48 0.5 0.027 0.016 0.005
20170131 18 29 0.6 0.011 0.036 0.004
20170201 21 35 0.6 0.018 0.031 0.005
20170202 17 32 0.6 0.017 0.033 0.005
20170203 45 68 0.8 0.017 0.046 0.006
20170204 70 96 1.1 0.004 0.061 0.005
20170205 55 70 0.8 0.015 0.037 0.005
20170206 27 40 0.5 0.028 0.021 0.005
20170207 23 40 0.5 0.008 0.041 0.005
20170208 30 53 0.7 0.009 0.042 0.006
20170209 18 50 0.4 0.026 0.017 0.005
20170210 17 32 0.4 0.027 0.015 0.004
20170211 16 29 0.4 0.024 0.019 0.004
20170212 18 31 0.6 0.019 0.029 0.005
20170213 28 43 0.8 0.008 0.049 0.006
20170214 32 51 0.6 0.019 0.038 0.005
20170215 41 60 0.9 0.008 0.059 0.008
20170216 46 69 1.0 0.012 0.056 0.007
20170217 17 46 0.4 0.029 0.018 0.004
20170218 17 31 0.5 0.027 0.022 0.005
20170219 26 43 0.6 0.019 0.034 0.005
20170220 22 43 0.4 0.030 0.017 0.004
20170221 29 46 0.7 0.013 0.043 0.005
20170222 28 40 0.7 0.008 0.043 0.004
20170223 21 34 0.4 0.033 0.017 0.005
20170224 17 28 0.5 0.023 0.030 0.005
20170225 30 46 0.7 0.019 0.037 0.006
20170226 32 47 0.6 0.023 0.030 0.005
20170227 24 38 0.7 0.014 0.042 0.005
20170228 26 42 0.7 0.015 0.049 0.006
20170301 41 57 0.6 0.020 0.044 0.006
20170302 22 33 0.4 0.030 0.021 0.004
20170303 22 43 0.6 0.019 0.038 0.005
20170304 32 51 0.7 0.013 0.048 0.005
20170305 48 67 0.7 0.024 0.038 0.005
20170306 25 36 0.4 0.032 0.017 0.004
20170307 20 33 0.4 0.034 0.016 0.004
20170308 20 43 0.5 0.029 0.023 0.004
20170309 21 46 0.5 0.027 0.028 0.005
20170310 26 44 0.5 0.022 0.038 0.005
20170311 40 62 0.7 0.017 0.055 0.007
20170312 64 89 0.8 0.025 0.051 0.007
20170313 42 61 0.5 0.033 0.024 0.004
20170314 29 49 0.5 0.031 0.024 0.004
20170315 24 41 0.5 0.022 0.035 0.004
20170316 43 63 0.6 0.021 0.050 0.005
20170317 54 74 0.7 0.021 0.053 0.005
20170318 50 72 0.7 0.026 0.054 0.007
20170319 54 74 0.7 0.026 0.044 0.005
20170320 68 97 0.8 0.009 0.064 0.006
20170321 67 99 0.6 0.029 0.032 0.006
20170322 31 51 0.5 0.028 0.034 0.005
20170323 42 72 0.6 0.026 0.044 0.006
20170324 35 58 0.6 0.020 0.044 0.005
20170325 42 64 0.6 0.023 0.042 0.006
20170326 43 60 0.5 0.031 0.031 0.006
20170327 54 73 0.8 0.033 0.031 0.005
20170328 57 81 0.7 0.020 0.044 0.005
20170329 39 55 0.6 0.034 0.034 0.005
20170330 42 66 0.6 0.025 0.045 0.005
20170331 33 49 0.6 0.020 0.038 0.004
20170401 16 23 0.4 0.030 0.026 0.004
20170402 33 46 0.5 0.034 0.030 0.004
20170403 53 77 0.6 0.033 0.045 0.006
20170404 46 73 0.7 0.033 0.051 0.006
20170405 30 48 0.6 0.020 0.049 0.005
20170406 18 26 0.4 0.024 0.028 0.004
20170407 28 42 0.5 0.020 0.039 0.004
20170408 41 62 0.6 0.021 0.040 0.005
20170409 26 40 0.5 0.031 0.021 0.004
20170410 16 27 0.4 0.034 0.027 0.004
20170411 23 56 0.4 0.035 0.028 0.004
20170412 12 64 0.3 0.039 0.018 0.004
20170413 26 69 0.5 0.036 0.030 0.006
20170414 22 56 0.5 0.046 0.027 0.005
20170415 31 66 0.5 0.045 0.030 0.006
20170416 31 60 0.6 0.032 0.039 0.006
20170417 25 47 0.6 0.023 0.041 0.005
20170418 21 41 0.5 0.026 0.030 0.004
20170419 17 84 0.4 0.032 0.022 0.004
20170420 22 83 0.4 0.029 0.035 0.005
20170421 24 68 0.5 0.029 0.038 0.005
20170422 25 62 0.5 0.031 0.033 0.004
20170423 23 49 0.5 0.044 0.027 0.005
20170424 19 42 0.4 0.041 0.031 0.005
20170425 30 59 0.5 0.043 0.031 0.005
20170426 16 44 0.4 0.040 0.018 0.004
20170427 14 45 0.4 0.038 0.022 0.005
20170428 24 64 0.6 0.037 0.029 0.007
20170429 27 63 0.6 0.039 0.031 0.006
20170430 49 91 0.6 0.071 0.022 0.008
20170501 48 92 0.6 0.057 0.029 0.005
20170502 48 99 0.6 0.043 0.043 0.006
20170503 32 70 0.5 0.055 0.038 0.005
20170504 31 64 0.5 0.036 0.037 0.005
20170505 24 56 0.4 0.038 0.019 0.005
20170506 20 194 0.3 0.041 0.016 0.004
20170507 16 92 0.4 0.043 0.019 0.005
20170508 36 173 0.5 0.044 0.035 0.007
20170509 31 125 0.5 0.023 0.037 0.006
20170510 20 43 0.4 0.032 0.022 0.004
20170511 33 71 0.5 0.033 0.035 0.006
20170512 42 74 0.6 0.036 0.037 0.006
20170513 26 50 0.4 0.041 0.023 0.004
20170514 14 59 0.3 0.043 0.015 0.004
20170515 11 44 0.3 0.033 0.022 0.004
20170516 15 35 0.4 0.032 0.028 0.005
20170517 18 39 0.4 0.033 0.034 0.006
20170518 26 48 0.5 0.045 0.035 0.006
20170519 25 47 0.4 0.045 0.031 0.006
20170520 21 38 0.4 0.039 0.032 0.006
20170521 19 32 0.4 0.039 0.022 0.005
20170522 26 43 0.4 0.032 0.027 0.005
20170523 22 35 0.4 0.018 0.029 0.005
20170524 15 26 0.4 0.026 0.025 0.004
20170525 14 38 0.4 0.038 0.025 0.005
20170526 8 24 0.3 0.036 0.019 0.004
20170527 14 33 0.4 0.039 0.028 0.005
20170528 22 45 0.4 0.051 0.023 0.005
20170529 36 69 0.5 0.060 0.025 0.007
20170530 23 49 0.4 0.041 0.032 0.006
20170531 20 38 0.4 0.029 0.035 0.005
20170601 18 38 0.3 0.037 0.016 0.004
20170602 10 29 0.3 0.039 0.016 0.004
20170603 11 31 0.4 0.038 0.016 0.004
20170604 11 29 0.3 0.043 0.018 0.004
20170605 13 26 0.4 0.047 0.026 0.004
20170606 10 21 0.3 0.040 0.019 0.004
20170607 10 16 0.4 0.026 0.021 0.003
20170608 28 44 0.6 0.054 0.022 0.004
20170609 38 60 0.6 0.056 0.023 0.005
20170610 23 49 0.4 0.044 0.021 0.004
20170611 9 29 0.3 0.036 0.021 0.004
20170612 12 31 0.3 0.046 0.019 0.004
20170613 17 36 0.3 0.032 0.020 0.004
20170614 21 44 0.4 0.038 0.022 0.004
20170615 26 52 0.4 0.044 0.024 0.005
20170616 38 68 0.5 0.060 0.027 0.006
20170617 30 52 0.5 0.062 0.024 0.007
20170618 26 45 0.4 0.047 0.024 0.005
20170619 32 53 0.5 0.036 0.034 0.005
20170620 30 53 0.5 0.043 0.036 0.005
20170621 34 58 0.4 0.039 0.025 0.005
20170622 23 38 0.4 0.038 0.021 0.004
20170623 23 44 0.4 0.038 0.032 0.004
20170624 23 42 0.5 0.020 0.043 0.006
20170625 22 36 0.5 0.036 0.025 0.004
20170626 17 27 0.4 0.034 0.024 0.004
20170627 19 30 0.4 0.039 0.024 0.004
20170628 32 48 0.5 0.042 0.026 0.005
20170629 35 51 0.5 0.040 0.027 0.005
20170630 37 54 0.5 0.041 0.024 0.004
20170701 30 43 0.5 0.034 0.023 0.004
20170702 17 26 0.3 0.019 0.016 0.004
20170703 15 23 0.3 0.028 0.017 0.004
20170704 24 34 0.4 0.034 0.021 0.004
20170705 28 40 0.4 0.044 0.024 0.004
20170706 34 48 0.5 0.045 0.030 0.005
20170707 13 22 0.4 0.015 0.024 0.004
20170708 17 26 0.4 0.021 0.018 0.004
20170709 18 26 0.4 0.023 0.021 0.004
20170710 9 14 0.3 0.015 0.022 0.004
20170711 26 39 0.4 0.035 0.022 0.004
20170712 32 47 0.4 0.041 0.021 0.004
20170713 35 50 0.5 0.040 0.028 0.004
20170714 34 48 0.5 0.036 0.027 0.005
20170715 14 20 0.4 0.022 0.020 0.004
20170716 12 17 0.3 0.019 0.018 0.004
20170717 14 23 0.3 0.018 0.021 0.004
20170718 17 26 0.4 0.026 0.026 0.004
20170719 26 38 0.4 0.041 0.025 0.004
20170720 38 52 0.5 0.041 0.028 0.005
20170721 45 59 0.5 0.056 0.023 0.005
20170722 42 57 0.5 0.041 0.022 0.005
20170723 35 49 0.5 0.034 0.018 0.004
20170724 22 34 0.6 0.016 0.031 0.004
20170725 15 27 0.5 0.024 0.021 0.004
20170726 10 18 0.3 0.039 0.018 0.004
20170727 17 28 0.4 0.027 0.031 0.004
20170728 19 30 0.5 0.012 0.030 0.004
20170729 8 26 0.4 0.025 0.017 0.004
20170730 15 22 0.4 0.039 0.014 0.004
20170731 13 22 0.5 0.011 0.030 0.004
20170801 12 22 0.4 0.024 0.026 0.004
20170802 23 36 0.5 0.038 0.030 0.004
20170803 14 24 0.4 0.035 0.022 0.004
20170804 18 27 0.4 0.044 0.020 0.004
20170805 21 31 0.4 0.040 0.023 0.004
20170806 18 25 0.4 0.031 0.019 0.004
20170807 22 33 0.4 0.045 0.017 0.004
20170808 28 42 0.5 0.049 0.023 0.005
20170809 23 33 0.5 0.035 0.022 0.004
20170810 5 8 0.4 0.023 0.018 0.003
20170811 6 11 0.3 0.022 0.019 0.004
20170812 6 11 0.3 0.022 0.016 0.004
20170813 6 10 0.3 0.020 0.012 0.004
20170814 4 9 0.3 0.011 0.013 0.004
20170815 4 7 0.3 0.010 0.013 0.003
20170816 4 7 0.3 0.012 0.014 0.004
20170817 6 12 0.4 0.012 0.022 0.003
20170818 17 26 0.5 0.019 0.031 0.005
20170819 15 25 0.5 0.023 0.025 0.003
20170820 7 11 0.4 0.021 0.015 0.003
20170821 8 14 0.3 0.017 0.019 0.004
20170822 10 17 0.4 0.022 0.023 0.005
20170823 10 20 0.4 0.008 0.020 0.004
20170824 9 21 0.4 0.016 0.016 0.004
20170825 13 26 0.5 0.025 0.028 0.005
20170826 11 25 0.4 0.029 0.022 0.004
20170827 13 23 0.4 0.018 0.026 0.004
20170828 17 29 0.5 0.016 0.032 0.004
20170829 8 18 0.3 0.026 0.013 0.004
20170830 10 25 0.4 0.016 0.029 0.005
20170831 20 35 0.5 0.027 0.029 0.004
20170901 12 23 0.4 0.026 0.021 0.004
20170902 15 26 0.4 0.028 0.024 0.004
20170903 20 31 0.5 0.040 0.022 0.004
20170904 18 27 0.4 0.029 0.030 0.004
20170905 13 24 0.5 0.010 0.035 0.004
20170906 17 27 0.5 0.011 0.037 0.004
20170907 25 35 0.5 0.029 0.027 0.004
20170908 33 49 0.7 0.030 0.031 0.005
20170909 40 58 0.7 0.033 0.032 0.005
20170910 36 50 0.7 0.024 0.030 0.004
20170911 16 22 0.5 0.027 0.022 0.003
20170912 13 25 0.4 0.023 0.025 0.004
20170913 10 23 0.4 0.024 0.027 0.004
20170914 12 27 0.4 0.023 0.029 0.004
20170915 8 15 0.3 0.028 0.016 0.003
20170916 5 10 0.3 0.026 0.013 0.003
20170917 5 9 0.3 0.026 0.011 0.003
20170918 10 19 0.4 0.026 0.022 0.004
20170919 40 62 0.6 0.046 0.024 0.005
20170920 10 24 0.4 0.027 0.020 0.004
20170921 15 28 0.5 0.025 0.036 0.004
20170922 19 31 0.5 0.034 0.035 0.005
20170923 25 52 0.5 0.031 0.030 0.005
20170924 37 62 0.6 0.039 0.022 0.004
20170925 26 44 0.6 0.027 0.035 0.004
20170926 26 45 0.6 0.032 0.034 0.004
20170927 23 40 0.6 0.022 0.031 0.004
20170928 8 23 0.4 0.028 0.017 0.004
20170929 9 21 0.4 0.024 0.025 0.005
20170930 18 34 0.5 0.026 0.032 0.005
20171001 20 32 0.5 0.018 0.028 0.004
20171002 10 19 0.4 0.029 0.016 0.004
20171003 11 35 0.3 0.026 0.013 0.004
20171004 9 21 0.3 0.025 0.013 0.004
20171005 7 14 0.3 0.024 0.015 0.004
20171006 7 11 0.3 0.024 0.013 0.004
20171007 6 9 0.4 0.021 0.019 0.003
20171008 13 18 0.5 0.024 0.023 0.005
20171009 17 25 0.5 0.026 0.026 0.006
20171010 18 28 0.5 0.013 0.030 0.004
20171011 7 11 0.4 0.020 0.015 0.003
20171012 11 21 0.4 0.011 0.023 0.004
20171013 15 27 0.4 0.017 0.026 0.004
20171014 12 22 0.5 0.022 0.025 0.004
20171015 11 21 0.5 0.023 0.023 0.004
20171016 16 30 0.5 0.018 0.029 0.004
20171017 20 38 0.5 0.018 0.036 0.004
20171018 13 24 0.4 0.019 0.028 0.004
20171019 10 18 0.4 0.020 0.027 0.004
20171020 16 31 0.5 0.016 0.036 0.004
20171021 21 38 0.6 0.017 0.036 0.004
20171022 13 25 0.4 0.027 0.019 0.004
20171023 10 24 0.4 0.025 0.025 0.004
20171024 15 31 0.5 0.015 0.035 0.004
20171025 22 41 0.6 0.017 0.039 0.004
20171026 28 51 0.7 0.012 0.047 0.005
20171027 34 58 0.8 0.018 0.048 0.005
20171028 27 45 0.7 0.020 0.043 0.004
20171029 22 65 0.5 0.025 0.022 0.004
20171030 13 35 0.4 0.022 0.022 0.004
20171031 14 33 0.6 0.012 0.038 0.005
20171101 20 38 0.5 0.020 0.036 0.005
20171102 26 46 0.5 0.023 0.035 0.005
20171103 26 38 0.5 0.028 0.022 0.005
20171104 40 53 0.5 0.022 0.022 0.004
20171105 27 39 0.6 0.013 0.035 0.004
20171106 20 33 0.6 0.010 0.043 0.005
20171107 25 42 0.7 0.006 0.050 0.005
20171108 29 65 0.5 0.030 0.023 0.005
20171109 24 50 0.6 0.010 0.043 0.005
20171110 21 44 0.6 0.014 0.035 0.005
20171111 13 70 0.4 0.018 0.020 0.004
20171112 18 31 0.6 0.010 0.034 0.004
20171113 24 41 0.7 0.006 0.042 0.005
20171114 17 45 0.5 0.018 0.023 0.005
20171115 11 25 0.4 0.020 0.020 0.004
20171116 14 25 0.5 0.014 0.028 0.005
20171117 24 42 0.7 0.004 0.044 0.005
20171118 22 39 0.4 0.023 0.013 0.004
20171119 12 24 0.5 0.020 0.018 0.004
20171120 22 38 0.6 0.009 0.036 0.005
20171121 31 50 0.8 0.005 0.047 0.005
20171122 30 62 0.7 0.011 0.038 0.005
20171123 11 23 0.5 0.014 0.025 0.005
20171124 12 20 0.5 0.011 0.026 0.004
20171125 16 25 0.7 0.005 0.041 0.004
20171126 23 37 0.7 0.011 0.031 0.004
20171127 29 48 0.8 0.005 0.046 0.005
20171128 46 71 1.0 0.004 0.059 0.007
20171129 25 61 0.5 0.013 0.029 0.005
20171130 9 24 0.4 0.023 0.019 0.004
20171201 13 24 0.5 0.013 0.033 0.005
20171202 24 39 0.7 0.006 0.042 0.005
20171203 35 51 0.7 0.005 0.040 0.005
20171204 26 43 0.5 0.019 0.021 0.005
20171205 11 22 0.4 0.018 0.022 0.005
20171206 22 32 0.6 0.006 0.037 0.004
20171207 32 45 0.7 0.011 0.032 0.005
20171208 21 31 0.5 0.015 0.024 0.005
20171209 24 39 0.7 0.004 0.046 0.005
20171210 25 38 0.6 0.012 0.030 0.005
20171211 10 47 0.3 0.018 0.013 0.004
20171212 17 33 0.4 0.015 0.019 0.005
20171213 20 36 0.5 0.012 0.028 0.005
20171214 36 55 0.8 0.004 0.045 0.005
20171215 58 83 1.2 0.002 0.063 0.006
20171216 27 41 0.5 0.018 0.019 0.005
20171217 14 39 0.5 0.019 0.021 0.005
20171218 35 55 0.8 0.005 0.044 0.005
20171219 20 46 0.5 0.014 0.023 0.005
20171220 26 42 0.7 0.004 0.042 0.005
20171221 39 52 0.8 0.004 0.048 0.005
20171222 43 58 0.9 0.004 0.054 0.006
20171223 80 111 1.0 0.008 0.052 0.007
20171224 58 78 0.8 0.014 0.036 0.005
20171225 16 30 0.4 0.021 0.020 0.005
20171226 14 29 0.4 0.016 0.024 0.005
20171227 14 28 0.5 0.014 0.025 0.005
20171228 28 46 0.7 0.005 0.043 0.005
20171229 67 97 0.9 0.007 0.052 0.007
20171230 95 128 1.0 0.005 0.052 0.006
20171231 36 63 0.6 0.020 0.021 0.005
