DATE PM2p5 PM10
20140101 25 117
20140102 19 52
20140103 26 59
20140104 20 44
20140105 22 42
20140106 37 66
20140107 47 84
20140108 38 67
20140109 7 20
20140110 18 34
20140111 27 50
20140112 28 58
20140113 11 27
20140114 21 41
20140115 30 56
20140116 53 96
20140117 64 117
20140118 25 57
20140119 25 48
20140120 34 63
20140121 63 103
20140122 58 94
20140123 35 56
20140124 38 60
20140125 30 50
20140126 17 34
20140127 20 37
20140128 13 30
20140129 19 41
20140130 20 39
20140131 11 23
20140201 14 25
20140202 13 20
20140203 14 61
20140204 11 33
20140205 18 41
20140206 23 46
20140207 9 17
20140208 6 10
20140209 14 19
20140210 17 26
20140211 11 18
20140212 13 22
20140213 15 24
20140214 11 18
20140215 19 32
20140216 34 59
20140217 41 75
20140218 13 21
20140219 17 29
20140220 36 65
20140221 35 65
20140222 51 91
20140223 58 102
20140224 84 155
20140225 86 162
20140226 73 133
20140227 62 114
20140228 58 110
20140301 45 90
20140302 13 28
20140303 26 57
20140304 39 81
20140305 17 37
20140306 15 32
20140307 12 28
20140308 19 40
20140309 18 34
20140310 17 36
20140311 26 47
20140312 20 40
20140313 27 44
20140314 36 61
20140315 44 90
20140316 44 93
20140317 31 62
20140318 36 120
20140319 35 117
20140320 25 62
20140321 15 30
20140322 24 54
20140323 39 78
20140324 28 54
20140325 26 52
20140326 33 63
20140327 42 81
20140328 51 105
20140329 27 51
20140330 23 35
20140331 28 61
20140401 27 66
20140402 26 59
20140403 26 54
20140404 10 21
20140405 17 40
20140406 13 37
20140407 22 63
20140408 21 46
20140409 36 66
20140410 33 60
20140411 34 67
20140412 36 73
20140413 40 73
20140414 35 66
20140415 38 71
20140416 71 146
20140417 46 85
20140418 34 63
20140419 24 44
20140420 23 40
20140421 27 54
20140422 27 55
20140423 45 81
20140424 59 106
20140425 36 63
20140426 28 54
20140427 16 26
20140428 8 11
20140429 7 13
20140430 12 25
20140501 22 50
20140502 36 76
20140503 14 26
20140504 17 37
20140505 15 36
20140506 16 39
20140507 19 43
20140508 19 33
20140509 22 40
20140510 19 34
20140511 16 29
20140512 24 40
20140513 43 88
20140514 37 75
20140515 22 47
20140516 21 51
20140517 27 56
20140518 27 50
20140519 29 57
20140520 26 70
20140521 22 54
20140522 25 46
20140523 36 70
20140524 32 65
20140525 25 47
20140526 21 77
20140527 41 147
20140528 53 164
20140529 45 120
20140530 22 69
20140531 40 109
20140601 36 86
20140602 36 79
20140603 13 24
20140604 10 19
20140605 10 18
20140606 14 27
20140607 18 34
20140608 19 31
20140609 22 38
20140610 18 31
20140611 11 20
20140612 14 25
20140613 30 51
20140614 21 35
20140615 24 39
20140616 19 33
20140617 44 69
20140618 34 54
20140619 29 48
20140620 30 50
20140621 15 24
20140622 13 20
20140623 18 30
20140624 22 38
20140625 29 47
20140626 28 45
20140627 20 32
20140628 21 35
20140629 19 31
20140630 20 32
20140701 28 42
20140702 40 68
20140703 14 22
20140704 11 18
20140705 18 30
20140706 16 23
20140707 18 31
20140708 17 27
20140709 11 20
20140710 15 30
20140711 33 57
20140712 43 68
20140713 32 52
20140714 45 72
20140715 51 84
20140716 29 48
20140717 13 21
20140718 10 15
20140719 27 42
20140720 32 52
20140721 31 50
20140722 11 18
20140723 10 17
20140724 7 11
20140725 8 16
20140726 20 34
20140727 50 75
20140728 39 60
20140729 24 37
20140730 16 26
20140731 16 26
20140801 9 16
20140802 7 12
20140803 5 9
20140804 7 11
20140805 29 46
20140806 26 43
20140807 21 38
20140808 10 19
20140809 12 19
20140810 6 11
20140811 13 24
20140812 37 57
20140813 43 68
20140814 16 26
20140815 18 30
20140816 21 37
20140817 17 29
20140818 6 10
20140819 9 16
20140820 17 31
20140821 9 15
20140822 43 67
20140823 45 72
20140824 34 55
20140825 26 41
20140826 7 12
20140827 5 9
20140828 9 17
20140829 14 25
20140830 12 21
20140831 14 23
20140901 18 29
20140902 11 19
20140903 4 6
20140904 9 15
20140905 15 24
20140906 20 32
20140907 27 44
20140908 31 48
20140909 34 54
20140910 14 25
20140911 20 34
20140912 21 36
20140913 12 20
20140914 8 15
20140915 20 34
20140916 13 33
20140917 18 45
20140918 10 20
20140919 13 27
20140920 17 30
20140921 17 29
20140922 16 27
20140923 13 23
20140924 10 17
20140925 12 21
20140926 14 26
20140927 16 29
20140928 24 40
20140929 25 45
20140930 10 20
20141001 13 24
20141002 18 31
20141003 14 22
20141004 10 19
20141005 9 17
20141006 10 19
20141007 16 28
20141008 19 34
20141009 24 40
20141010 21 39
20141011 16 29
20141012 16 30
20141013 9 23
20141014 10 24
20141015 17 32
20141016 15 36
20141017 14 32
20141018 18 38
20141019 30 56
20141020 20 30
20141021 8 12
20141022 10 15
20141023 16 27
20141024 23 38
20141025 25 45
20141026 20 35
20141027 14 42
20141028 24 59
20141029 30 60
20141030 34 63
20141031 24 42
20141101 21 38
20141102 29 56
20141103 12 37
20141104 13 29
20141105 17 32
20141106 27 54
20141107 19 50
20141108 29 62
20141109 26 58
20141110 27 56
20141111 37 69
20141112 15 41
20141113 9 77
20141114 14 30
20141115 16 33
20141116 23 44
20141117 20 31
20141118 21 35
20141119 30 53
20141120 34 62
20141121 32 57
20141122 25 42
20141123 34 65
20141124 35 66
20141125 17 31
20141126 16 28
20141127 25 47
20141128 16 25
20141129 11 18
20141130 9 14
20141201 11 41
20141202 13 92
20141203 12 24
20141204 13 43
20141205 11 30
20141206 12 32
20141207 19 43
20141208 20 38
20141209 24 48
20141210 29 51
20141211 23 48
20141212 22 38
20141213 13 29
20141214 18 33
20141215 24 42
20141216 17 31
20141217 7 20
20141218 15 27
20141219 24 42
20141220 15 27
20141221 11 20
20141222 17 28
20141223 25 42
20141224 29 51
20141225 15 27
20141226 18 34
20141227 30 51
20141228 33 54
20141229 62 111
20141230 50 106
20141231 16 37
20150101 13 66
20150102 13 29
20150103 20 37
20150104 23 42
20150105 40 76
20150106 16 39
20150107 12 34
20150108 20 44
20150109 27 49
20150110 20 37
20150111 22 44
20150112 23 43
20150113 31 58
20150114 38 72
20150115 33 62
20150116 45 82
20150117 17 35
20150118 17 33
20150119 32 63
20150120 25 48
20150121 32 60
20150122 25 46
20150123 25 43
20150124 29 53
20150125 34 60
20150126 26 40
20150127 25 48
20150128 18 44
20150129 26 50
20150130 19 39
20150131 19 41
20150201 17 31
20150202 23 43
20150203 33 61
20150204 47 79
20150205 52 93
20150206 29 53
20150207 25 46
20150208 15 101
20150209 17 40
20150210 47 98
20150211 45 88
20150212 13 35
20150213 16 31
20150214 30 56
20150215 39 78
20150216 24 41
20150217 36 65
20150218 42 62
20150219 39 62
20150220 33 51
20150221 16 24
20150222 33 249
20150223 66 569
20150224 27 108
20150225 26 72
20150226 17 34
20150227 17 31
20150228 23 43
20150301 28 99
20150302 24 90
20150303 24 52
20150304 17 42
20150305 25 41
20150306 27 46
20150307 28 51
20150308 47 86
20150309 33 71
20150310 11 32
20150311 17 40
20150312 12 32
20150313 20 43
20150314 19 38
20150315 24 43
20150316 43 92
20150317 65 130
20150318 40 76
20150319 27 54
20150320 35 101
20150321 58 171
20150322 43 147
20150323 15 56
20150324 18 43
20150325 21 42
20150326 22 46
20150327 26 53
20150328 22 45
20150329 31 71
20150330 46 151
20150331 51 109
20150401 15 23
20150402 12 22
20150403 19 33
20150404 8 14
20150405 10 17
20150406 21 60
20150407 16 40
20150408 15 29
20150409 25 49
20150410 27 55
20150411 33 68
20150412 26 48
20150413 14 26
20150414 14 19
20150415 27 44
20150416 29 78
20150417 16 69
20150418 18 57
20150419 14 29
20150420 8 14
20150421 21 43
20150422 33 71
20150423 32 63
20150424 31 72
20150425 20 59
20150426 27 58
20150427 31 63
20150428 24 48
20150429 26 42
20150430 18 31
20150501 24 42
20150502 23 37
20150503 17 25
20150504 15 49
20150505 12 38
20150506 15 45
20150507 17 42
20150508 27 54
20150509 20 40
20150510 18 40
20150511 19 41
20150512 16 38
20150513 22 66
20150514 27 57
20150515 47 97
20150516 24 50
20150517 30 53
20150518 21 42
20150519 29 49
20150520 17 40
20150521 21 42
20150522 26 51
20150523 21 42
20150524 16 31
20150525 23 41
20150526 21 39
20150527 20 36
20150528 21 41
20150529 25 47
20150530 23 38
20150531 25 42
20150601 21 37
20150602 21 36
20150603 14 42
20150604 17 39
20150605 17 31
20150606 17 31
20150607 18 31
20150608 22 37
20150609 26 43
20150610 27 48
20150611 24 40
20150612 25 44
20150613 34 73
20150614 18 30
20150615 23 37
20150616 28 47
20150617 28 44
20150618 17 27
20150619 14 23
20150620 24 38
20150621 13 22
20150622 19 30
20150623 22 34
20150624 26 40
20150625 26 39
20150626 8 11
20150627 8 12
20150628 13 23
20150629 15 23
20150630 19 31
20150701 19 34
20150702 31 50
20150703 22 38
20150704 18 30
20150705 20 33
20150706 17 29
20150707 20 33
20150708 5 9
20150709 6 11
20150710 12 20
20150711 17 26
20150712 6 9
20150713 21 31
20150714 38 63
20150715 29 47
20150716 5 11
20150717 5 11
20150718 18 28
20150719 16 24
20150720 13 21
20150721 16 26
20150722 20 32
20150723 18 27
20150724 9 15
20150725 11 19
20150726 10 17
20150727 16 26
20150728 23 34
20150729 27 38
20150730 47 69
20150731 40 57
20150801 32 47
20150802 21 30
20150803 17 27
20150804 16 25
20150805 21 31
20150806 22 33
20150807 26 38
20150808 21 32
20150809 12 20
20150810 18 29
20150811 37 57
20150812 32 51
20150813 23 38
20150814 24 38
20150815 44 65
20150816 45 65
20150817 17 25
20150818 13 21
20150819 21 35
20150820 22 35
20150821 19 30
20150822 24 37
20150823 24 38
20150824 18 28
20150825 4 7
20150826 6 10
20150827 11 21
20150828 17 28
20150829 20 31
20150830 22 33
20150831 22 32
20150901 16 24
20150902 16 24
20150903 14 24
20150904 20 33
20150905 19 31
20150906 7 13
20150907 7 13
20150908 7 12
20150909 8 16
20150910 13 28
20150911 21 37
20150912 11 21
20150913 10 21
20150914 17 31
20150915 14 25
20150916 8 16
20150917 6 12
20150918 11 20
20150919 16 32
20150920 30 48
20150921 30 47
20150922 25 40
20150923 25 41
20150924 22 37
20150925 22 37
20150926 28 49
20150927 15 34
20150928 14 31
20150929 10 23
20150930 8 18
20151001 8 15
20151002 10 29
20151003 17 42
20151004 12 28
20151005 14 28
20151006 16 31
20151007 23 46
20151008 27 52
20151009 11 33
20151010 11 22
20151011 9 16
20151012 10 18
20151013 16 31
20151014 26 48
20151015 36 59
20151016 43 70
20151017 34 59
20151018 48 76
20151019 62 98
20151020 57 97
20151021 70 117
20151022 48 81
20151023 29 52
20151024 21 35
20151025 16 29
20151026 16 31
20151027 13 36
20151028 13 31
20151029 12 23
20151030 10 28
20151031 16 32
20151101 24 41
20151102 29 52
20151103 42 71
20151104 55 86
20151105 52 81
20151106 32 48
20151107 8 10
20151108 3 5
20151109 8 13
20151110 31 46
20151111 26 42
20151112 10 16
20151113 8 13
20151114 8 12
20151115 12 19
20151116 17 28
20151117 12 20
20151118 6 10
20151119 8 14
20151120 22 38
20151121 33 51
20151122 20 31
20151123 5 8
20151124 15 24
20151125 9 12
20151126 24 34
20151127 26 39
20151128 28 44
20151129 29 39
20151130 29 43
20151201 32 52
20151202 31 52
20151203 12 20
20151204 15 39
20151205 16 34
20151206 19 34
20151207 29 51
20151208 36 63
20151209 39 69
20151210 28 47
20151211 21 33
20151212 16 31
20151213 25 42
20151214 29 47
20151215 33 54
20151216 13 28
20151217 11 20
20151218 23 42
20151219 36 62
20151220 35 56
20151221 34 52
20151222 40 65
20151223 37 59
20151224 61 98
20151225 16 29
20151226 40 75
20151227 16 29
20151228 15 27
20151229 32 57
20151230 36 60
20151231 43 64
20160101 45 68
20160102 31 51
20160103 58 96
20160104 47 74
20160105 16 32
20160106 29 56
20160107 20 39
20160108 18 34
20160109 19 37
20160110 19 32
20160111 21 40
20160112 24 49
20160113 20 38
20160114 21 43
20160115 29 51
20160116 43 69
20160117 46 69
20160118 32 56
20160119 13 33
20160120 22 38
20160121 30 51
20160122 27 50
20160123 14 32
20160124 19 38
20160125 17 50
20160126 37 78
20160127 31 63
20160128 31 58
20160129 26 50
20160130 24 40
20160131 21 39
20160201 18 40
20160202 22 45
20160203 30 56
20160204 30 55
20160205 21 45
20160206 24 50
20160207 24 46
20160208 41 73
20160209 25 50
20160210 22 40
20160211 25 46
20160212 21 33
20160213 10 15
20160214 17 29
20160215 11 33
20160216 15 27
20160217 15 38
20160218 22 44
20160219 41 82
20160220 18 44
20160221 12 26
20160222 18 43
20160223 27 53
20160224 17 32
20160225 28 51
20160226 28 49
20160227 40 65
20160228 28 46
20160229 28 54
20160301 17 31
20160302 20 36
20160303 30 56
20160304 36 68
20160305 14 22
20160306 23 94
20160307 28 108
20160308 20 71
20160309 15 44
20160310 14 35
20160311 17 36
20160312 19 43
20160313 35 61
20160314 42 64
20160315 28 57
20160316 32 64
20160317 40 76
20160318 36 66
20160319 39 77
20160320 44 83
20160321 48 87
20160322 44 72
20160323 46 81
20160324 21 41
20160325 35 70
20160326 40 66
20160327 40 66
20160328 40 70
20160329 51 97
20160330 48 91
20160331 22 51
20160401 30 72
20160402 39 80
20160403 31 52
20160404 12 29
20160405 22 58
20160406 36 74
20160407 24 43
20160408 39 77
20160409 58 117
20160410 68 134
20160411 20 46
20160412 27 57
20160413 32 58
20160414 30 57
20160415 27 54
20160416 24 51
20160417 16 46
20160418 23 63
20160419 20 45
20160420 31 63
20160421 17 27
20160422 47 81
20160423 42 198
20160424 26 144
20160425 24 76
20160426 29 78
20160427 16 50
20160428 20 58
20160429 27 63
20160430 35 76
20160501 20 45
20160502 24 46
20160503 9 19
20160504 12 49
20160505 21 54
20160506 22 46
20160507 22 112
20160508 16 52
20160509 21 59
20160510 14 31
20160511 13 29
20160512 15 29
20160513 21 39
20160514 18 34
20160515 19 33
20160516 17 35
20160517 37 67
20160518 28 51
20160519 20 39
20160520 30 52
20160521 25 38
20160522 38 55
20160523 45 68
20160524 23 33
20160525 61 90
20160526 71 106
20160527 54 91
20160528 39 77
20160529 42 82
20160530 54 92
20160531 46 78
20160601 22 41
20160602 18 36
20160603 25 46
20160604 28 52
20160605 28 50
20160606 13 22
20160607 26 42
20160608 24 38
20160609 31 53
20160610 36 60
20160611 31 48
20160612 20 30
20160613 36 63
20160614 31 51
20160615 23 36
20160616 19 31
20160617 36 54
20160618 45 66
20160619 28 40
20160620 35 52
20160621 42 62
20160622 48 70
20160623 30 44
20160624 32 55
20160625 17 32
20160626 18 31
20160627 21 35
20160628 41 61
20160629 24 36
20160630 20 30
20160701 14 21
20160702 9 14
20160703 29 41
20160704 14 21
20160705 8 13
20160706 9 18
20160707 26 42
20160708 36 56
20160709 23 39
20160710 22 35
20160711 36 54
20160712 27 38
20160713 17 30
20160714 17 29
20160715 10 18
20160716 5 9
20160717 9 14
20160718 16 28
20160719 21 36
20160720 23 37
20160721 19 31
20160722 23 36
20160723 27 41
20160724 25 38
20160725 31 44
20160726 23 34
20160727 23 35
20160728 39 57
20160729 29 46
20160730 30 44
20160731 27 39
20160801 22 33
20160802 16 27
20160803 17 29
20160804 20 32
20160805 26 40
20160806 39 59
20160807 25 36
20160808 25 40
20160809 22 32
20160810 44 64
20160811 20 32
20160812 28 42
20160813 25 36
20160814 27 36
20160815 23 36
20160816 29 46
20160817 25 42
20160818 35 53
20160819 42 60
20160820 21 33
20160821 18 27
20160822 18 29
20160823 21 34
20160824 22 35
20160825 18 30
20160826 6 14
20160827 5 13
20160828 4 11
20160829 7 16
20160830 9 28
20160831 7 18
20160901 33 60
20160902 23 33
20160903 13 21
20160904 13 22
20160905 17 31
20160906 35 58
20160907 51 76
20160908 30 48
20160909 27 42
20160910 27 41
20160911 27 39
20160912 18 29
20160913 10 18
20160914 21 32
20160915 27 41
20160916 35 50
20160917 20 29
20160918 13 23
20160919 5 13
20160920 10 18
20160921 22 33
20160922 26 40
20160923 33 51
20160924 41 61
20160925 36 53
20160926 29 45
20160927 23 35
20160928 21 35
20160929 6 14
20160930 14 30
20161001 26 45
20161002 17 29
20161003 9 17
20161004 15 30
20161005 13 26
20161006 18 38
20161007 12 26
20161008 10 21
20161009 9 18
20161010 11 27
20161011 22 44
20161012 29 55
20161013 20 42
20161014 41 72
20161015 49 78
20161016 36 54
20161017 32 51
20161018 29 55
20161019 36 64
20161020 37 64
20161021 12 24
20161022 15 29
20161023 6 11
20161024 7 17
20161025 9 16
20161026 21 41
20161027 22 44
20161028 17 37
20161029 16 35
20161030 12 26
20161031 15 29
20161101 10 23
20161102 16 35
20161103 23 41
20161104 33 60
20161105 44 75
20161106 19 32
20161107 23 34
20161108 49 64
20161109 27 41
20161110 26 41
20161111 22 50
20161112 31 75
20161113 30 62
20161114 29 53
20161115 20 58
20161116 27 54
20161117 39 74
20161118 54 94
20161119 34 56
20161120 24 44
20161121 29 62
20161122 18 43
20161123 15 38
20161124 13 27
20161125 21 39
20161126 36 54
20161127 48 71
20161128 39 81
20161129 23 40
20161130 27 46
20161201 26 50
20161202 17 37
20161203 30 54
20161204 53 81
20161205 56 85
20161206 12 26
20161207 27 51
20161208 34 56
20161209 23 34
20161210 21 34
20161211 22 35
20161212 29 46
20161213 40 62
20161214 30 53
20161215 17 35
20161216 17 33
20161217 35 57
20161218 33 49
20161219 24 38
20161220 34 53
20161221 25 40
20161222 21 30
20161223 36 52
20161224 51 67
20161225 42 56
20161226 33 50
20161227 27 41
20161228 25 44
20161229 16 35
20161230 24 42
20161231 40 58
20170101 57 77
20170102 79 110
20170103 52 79
20170104 35 55
20170105 22 36
20170106 13 20
20170107 37 54
20170108 22 31
20170109 46 59
20170110 16 31
20170111 12 24
20170112 16 30
20170113 13 30
20170114 12 44
20170115 14 27
20170116 26 47
20170117 45 68
20170118 73 99
20170119 72 102
20170120 40 57
20170121 34 48
20170122 27 75
20170123 35 47
20170124 28 39
20170125 36 49
20170126 48 64
20170127 20 107
20170128 12 32
20170129 16 27
20170130 34 48
20170131 18 29
20170201 21 35
20170202 17 32
20170203 45 68
20170204 70 96
20170205 55 70
20170206 27 40
20170207 23 40
20170208 30 53
20170209 18 50
20170210 17 32
20170211 16 29
20170212 18 31
20170213 28 43
20170214 32 51
20170215 41 60
20170216 46 69
20170217 17 46
20170218 17 31
20170219 26 43
20170220 22 43
20170221 29 46
20170222 28 40
20170223 21 34
20170224 17 28
20170225 30 46
20170226 32 47
20170227 24 38
20170228 26 42
20170301 41 57
20170302 22 33
20170303 22 43
20170304 32 51
20170305 48 67
20170306 25 36
20170307 20 33
20170308 20 43
20170309 21 46
20170310 26 44
20170311 40 62
20170312 64 89
20170313 42 61
20170314 29 49
20170315 24 41
20170316 43 63
20170317 54 74
20170318 50 72
20170319 54 74
20170320 68 97
20170321 67 99
20170322 31 51
20170323 42 72
20170324 35 58
20170325 42 64
20170326 43 60
20170327 54 73
20170328 57 81
20170329 39 55
20170330 42 66
20170331 33 49
20170401 16 23
20170402 33 46
20170403 53 77
20170404 46 73
20170405 30 48
20170406 18 26
20170407 28 42
20170408 41 62
20170409 26 40
20170410 16 27
20170411 23 56
20170412 12 64
20170413 26 69
20170414 22 56
20170415 31 66
20170416 31 60
20170417 25 47
20170418 21 41
20170419 17 84
20170420 22 83
20170421 24 68
20170422 25 62
20170423 23 49
20170424 19 42
20170425 30 59
20170426 16 44
20170427 14 45
20170428 24 64
20170429 27 63
20170430 49 91
20170501 48 92
20170502 48 99
20170503 32 70
20170504 31 64
20170505 24 56
20170506 20 194
20170507 16 92
20170508 36 173
20170509 31 125
20170510 20 43
20170511 33 71
20170512 42 74
20170513 26 50
20170514 14 59
20170515 11 44
20170516 15 35
20170517 18 39
20170518 26 48
20170519 25 47
20170520 21 38
20170521 19 32
20170522 26 43
20170523 22 35
20170524 15 26
20170525 14 38
20170526 8 24
20170527 14 33
20170528 22 45
20170529 36 69
20170530 23 49
20170531 20 38
20170601 18 38
20170602 10 29
20170603 11 31
20170604 11 29
20170605 13 26
20170606 10 21
20170607 10 16
20170608 28 44
20170609 38 60
20170610 23 49
20170611 9 29
20170612 12 31
20170613 17 36
20170614 21 44
20170615 26 52
20170616 38 68
20170617 30 52
20170618 26 45
20170619 32 53
20170620 30 53
20170621 34 58
20170622 23 38
20170623 23 44
20170624 23 42
20170625 22 36
20170626 17 27
20170627 19 30
20170628 32 48
20170629 35 51
20170630 37 54
20170701 30 43
20170702 17 26
20170703 15 23
20170704 24 34
20170705 28 40
20170706 34 48
20170707 13 22
20170708 17 26
20170709 18 26
20170710 9 14
20170711 26 39
20170712 32 47
20170713 35 50
20170714 34 48
20170715 14 20
20170716 12 17
20170717 14 23
20170718 17 26
20170719 26 38
20170720 38 52
20170721 45 59
20170722 42 57
20170723 35 49
20170724 22 34
20170725 15 27
20170726 10 18
20170727 17 28
20170728 19 30
20170729 8 26
20170730 15 22
20170731 13 22
20170801 12 22
20170802 23 36
20170803 14 24
20170804 18 27
20170805 21 31
20170806 18 25
20170807 22 33
20170808 28 42
20170809 23 33
20170810 5 8
20170811 6 11
20170812 6 11
20170813 6 10
20170814 4 9
20170815 4 7
20170816 4 7
20170817 6 12
20170818 17 26
20170819 15 25
20170820 7 11
20170821 8 14
20170822 10 17
20170823 10 20
20170824 9 21
20170825 13 26
20170826 11 25
20170827 13 23
20170828 17 29
20170829 8 18
20170830 10 25
20170831 20 35
20170901 12 23
20170902 15 26
20170903 20 31
20170904 18 27
20170905 13 24
20170906 17 27
20170907 25 35
20170908 33 49
20170909 40 58
20170910 36 50
20170911 16 22
20170912 13 25
20170913 10 23
20170914 12 27
20170915 8 15
20170916 5 10
20170917 5 9
20170918 10 19
20170919 40 62
20170920 10 24
20170921 15 28
20170922 19 31
20170923 25 52
20170924 37 62
20170925 26 44
20170926 26 45
20170927 23 40
20170928 8 23
20170929 9 21
20170930 18 34
20171001 20 32
20171002 10 19
20171003 11 35
20171004 9 21
20171005 7 14
20171006 7 11
20171007 6 9
20171008 13 18
20171009 17 25
20171010 18 28
20171011 7 11
20171012 11 21
20171013 15 27
20171014 12 22
20171015 11 21
20171016 16 30
20171017 20 38
20171018 13 24
20171019 10 18
20171020 16 31
20171021 21 38
20171022 13 25
20171023 10 24
20171024 15 31
20171025 22 41
20171026 28 51
20171027 34 58
20171028 27 45
20171029 22 65
20171030 13 35
20171031 14 33
20171101 20 38
20171102 26 46
20171103 26 38
20171104 40 53
20171105 27 39
20171106 20 33
20171107 25 42
20171108 29 65
20171109 24 50
20171110 21 44
20171111 13 70
20171112 18 31
20171113 24 41
20171114 17 45
20171115 11 25
20171116 14 25
20171117 24 42
20171118 22 39
20171119 12 24
20171120 22 38
20171121 31 50
20171122 30 62
20171123 11 23
20171124 12 20
20171125 16 25
20171126 23 37
20171127 29 48
20171128 46 71
20171129 25 61
20171130 9 24
20171201 13 24
20171202 24 39
20171203 35 51
20171204 26 43
20171205 11 22
20171206 22 32
20171207 32 45
20171208 21 31
20171209 24 39
20171210 25 38
20171211 10 47
20171212 17 33
20171213 20 36
20171214 36 55
20171215 58 83
20171216 27 41
20171217 14 39
20171218 35 55
20171219 20 46
20171220 26 42
20171221 39 52
20171222 43 58
20171223 80 111
20171224 58 78
20171225 16 30
20171226 14 29
20171227 14 28
20171228 28 46
20171229 67 97
20171230 95 128
20171231 36 63
