DATE PM10 TEMP_MEAN H_TEMP L_TEMP CLOUD RAIN TEMP_Range BrainB
199601 69.7419 -2.1871 2.3290 -5.6097 3.5548 0.5258 7.9387 3220
199602 82.7241 -1.5897 3.1828 -5.4724 3.0172 0.0345 8.6552 3043
199603 69.9032 4.8806 9.4516 1.0226 5.2323 2.5129 8.4290 3174
199604 62.8333 10.2333 15.1433 5.8533 3.8300 2.0667 9.2900 2946
199605 91.3548 18.3581 24.1968 13.2839 4.1710 0.9452 10.9129 2673
199606 82.0667 22.2933 26.5067 19.0800 8.0500 8.3233 7.4267 2613
199607 50.0645 24.3774 28.3161 21.2194 7.6355 16.5419 7.0968 2631
199608 55.4194 26.0355 29.8194 22.9452 6.1645 4.2710 6.8742 2515
199609 66.7333 21.9767 27.3067 17.5300 3.8600 0.3667 9.7767 2570
199610 68.1935 14.4839 19.4161 10.0161 4.2968 2.9129 9.4000 3143
199611 65.9000 6.1367 10.2800 2.4267 4.5100 2.0967 7.8533 2941
199612 94.7419 1.5774 5.9903 -2.4710 3.5645 0.3548 8.4613 3121
199701 80.5806 -3.2839 1.1581 -7.1194 3.1645 0.5419 8.2774 3350
199702 82.3214 0.6714 5.6321 -3.5107 2.6071 1.4143 9.1429 2858
199703 81.2903 6.8129 11.8484 2.5065 3.2387 0.8161 9.3419 3129
199704 84.8000 12.9533 18.1133 8.4033 3.7800 1.8700 9.7100 2975
199705 53.0645 17.0194 21.5000 12.9129 6.2516 9.3968 8.5871 2816
199706 75.0000 23.3667 28.5100 18.8900 4.7867 3.6667 9.6200 2574
199707 60.6774 26.1161 30.0645 22.8258 5.8290 9.6645 7.2387 2444
199708 43.3226 26.8484 31.3032 23.2258 4.9484 3.7806 8.0774 2362
199709 40.1000 20.1733 25.4267 15.7067 3.9433 2.5633 9.7200 2533
199710 53.9355 13.4226 19.0419 8.2065 2.3871 1.4677 10.8355 3040
199711 70.9333 8.8400 13.6600 4.5600 3.9700 3.1267 9.1000 2808
199712 61.0968 1.7871 5.7129 -1.7774 4.1903 1.2290 7.4903 3077
199801 53.0968 -1.3581 2.8194 -4.7194 3.9968 0.3355 7.5387 2852
199802 64.5357 3.3500 7.7714 -0.5857 4.1071 1.1536 8.3571 2629
199803 79.2258 7.3290 12.4645 2.8226 3.6000 1.4548 9.6419 3007
199804 74.7333 15.6100 20.9333 11.1467 5.5167 4.0067 9.7867 2963
199805 65.7419 19.0452 24.3226 14.0226 5.1355 3.9194 10.3000 2875
199806 48.2333 21.8767 26.3500 18.0000 6.3467 7.8033 8.3500 2605
199807 35.3226 24.9161 28.5516 21.9419 7.0097 10.0581 6.6097 2538
199808 45.2258 25.0129 28.8161 22.1065 7.5097 39.9290 6.7097 2566
199809 65.5667 22.9800 27.7633 18.9533 5.0233 5.9300 8.8100 2814
199810 50.8065 17.0452 21.9613 12.7000 4.6968 0.8839 9.2613 2999
199811 57.1000 7.3367 12.1733 3.2733 3.4900 0.8967 8.9000 3153
199812 81.7419 2.2742 6.6452 -1.7516 2.8032 0.1194 8.3968 3463
199901 80.5484 -0.7613 3.4613 -4.7226 2.9742 0.3290 8.1839 3220
199902 69.8571 0.6929 5.0036 -3.0607 3.9750 0.1036 8.0643 2693
199903 79.4839 6.6581 11.7129 1.5645 4.8710 1.7742 10.1484 2977
199904 72.4333 13.8967 19.3267 8.7267 4.3667 3.2400 10.6000 2955
199905 68.6452 17.5032 22.7032 12.4323 4.2323 3.5387 10.2710 2915
199906 73.4667 23.0933 28.2633 18.5300 5.1600 4.3933 9.7333 2654
199907 50.7742 25.8581 30.0129 22.3387 7.4903 7.4323 7.6742 2500
199908 37.4194 25.9839 30.1742 22.3484 6.4452 19.3710 7.8258 2552
199909 54.1000 22.8867 27.0100 19.4200 6.6900 12.5767 7.5900 2635
199910 75.6452 14.2581 19.1323 9.9871 4.8516 2.6323 9.1452 3012
199911 71.3333 7.8800 12.5967 3.7500 3.6333 0.6500 8.8467 3041
199912 65.6129 0.3935 4.4258 -3.3613 3.0484 0.5484 7.7871 3220
200001 37.0000 -2.0613 1.7032 -5.7226 4.2387 1.3806 7.4258 3723
200002 65.6552 -1.6690 2.6000 -5.7621 3.1793 0.0724 8.3621 2973
200003 80.4194 6.3323 11.3645 1.7484 3.9323 0.1000 9.6161 3055
200004 74.5667 11.8767 16.9333 7.2733 5.0033 1.0233 9.6600 2926
200005 68.0968 17.4935 22.7323 12.8774 5.9581 2.4258 9.8548 2751
200006 78.3667 23.7300 29.1833 19.0667 5.9900 2.2700 10.1167 2466
200007 65.8710 26.7806 31.0000 23.1258 6.7613 3.7000 7.8742 2464
200008 37.0968 26.1710 30.0065 22.8806 6.6258 19.3355 7.1258 2456
200009 43.2667 20.6667 24.7767 17.0700 5.9933 5.9500 7.7067 2666
200010 64.6774 14.8806 19.2290 10.7065 4.7065 0.5839 8.5226 3137
200011 73.2000 6.9533 11.1067 2.7000 4.2633 0.9033 8.4067 3055
200012 72.3226 0.8806 4.9419 -2.9258 3.9871 0.8710 7.8677 3082
200101 71.4839 -4.1581 -0.7677 -7.7774 4.0871 1.2710 7.0097 3170
200102 79.4286 -0.2893 3.7143 -3.7286 4.4429 1.6321 7.4429 2860
200103 105.0645 4.9871 9.6258 0.8839 4.4452 0.5839 8.7419 3240
200104 97.0667 13.5633 19.2467 8.7100 4.1933 0.4100 10.5367 2979
200105 78.7742 19.1000 24.7000 14.8387 5.0645 0.5323 9.8613 2828
200106 82.9667 22.5333 27.0600 19.1567 6.5633 5.2467 7.9033 2590
200107 52.8387 25.8677 29.8968 22.9258 7.2387 22.5290 6.9710 2670
200108 38.6452 26.4774 30.7903 22.7871 4.7677 8.1290 8.0032 2646
200109 36.8000 22.4567 27.4633 17.9367 3.9100 1.6433 9.5267 2724
200110 65.0000 16.5097 21.0000 12.3645 3.8903 2.2000 8.6355 3125
200111 79.8333 7.0467 11.5067 2.9100 2.6933 0.4333 8.5967 3290
200112 65.5806 -0.5935 3.4387 -3.9774 3.1484 0.5065 7.4161 3173
200201 67.8710 0.2710 3.9387 -2.9032 4.1065 1.2065 6.8419 3237
200202 79.7500 2.9000 7.1107 -0.8214 3.7929 0.0857 7.9321 2848
200203 150.4839 7.6419 12.3839 3.6129 4.2581 1.0161 8.7710 3259
200204 134.3667 13.5667 18.5667 8.7800 3.8200 5.1700 9.7867 2992
200205 66.0968 18.1581 23.5129 13.3290 4.8097 1.8710 10.1839 3008
200206 61.9000 22.2333 27.2933 17.9433 4.5033 2.0467 9.3500 2823
200207 49.4839 25.2484 28.8484 22.1645 7.1129 7.1161 6.6839 2647
200208 41.6129 24.2065 27.5387 21.3677 8.0806 22.1935 6.1710 2739
200209 57.9333 21.5667 26.0700 17.8300 4.8400 2.0367 8.2400 2905
200210 58.2581 12.8226 17.6613 8.8484 3.7452 1.4516 8.8129 3275
200211 67.8000 4.0300 7.9500 0.3033 3.6800 0.4167 7.6467 3566
200212 69.0645 1.6710 5.3258 -1.5710 4.9742 0.4839 6.8968 3768
200301 79.7742 -2.5516 1.1032 -5.8323 3.8258 0.4548 6.9355 3469
200302 84.0000 2.6571 6.6429 -0.6857 4.6429 1.4143 7.3286 2976
200303 83.2903 6.4935 10.5677 2.8645 5.4387 0.8645 7.7032 3000
200304 67.7667 13.1600 17.8733 8.9767 5.4033 4.6533 8.8967 2926
200305 91.3548 19.5516 24.9806 14.3839 4.3806 3.4194 10.5968 2960
200306 80.9333 21.5467 25.7700 17.9833 6.7300 5.2000 7.7867 2737
200307 52.2903 23.8484 27.6516 20.7032 7.6323 15.1548 6.9484 2665
200308 46.8387 24.1000 27.6097 21.3000 7.6258 22.0710 6.3097 2762
200309 53.8667 20.9033 24.9133 17.5100 6.3067 8.6067 7.4033 2841
200310 54.2903 13.9194 18.9710 9.6194 3.3839 1.3387 9.3516 3415
200311 57.7667 9.5233 13.4567 5.9033 5.4233 2.3100 7.5533 3249
200312 76.6129 0.7355 4.3710 -2.8226 3.0516 0.2226 7.1935 3396
200401 70.0000 -1.5581 2.1484 -4.8613 3.3387 0.6387 7.0097 3311
200402 67.6207 2.3069 6.9448 -1.5655 3.4517 1.8828 8.5103 3004
200403 80.7097 6.2806 11.0935 2.1419 3.8516 0.8903 8.9516 3259
200404 67.6000 13.1433 18.2667 8.5433 3.9200 2.4700 9.7233 2821
200405 71.1613 17.6129 22.1839 13.7194 5.8323 5.4355 8.4645 2777
200406 66.3000 23.2000 27.7300 19.3433 6.3667 4.6033 8.3867 2488
200407 53.8065 24.8452 27.7290 22.3290 7.7774 16.4742 5.4000 2529
200408 35.1290 26.1161 30.1806 22.8387 6.0065 6.2355 7.3419 2638
200409 36.3333 21.7433 26.2867 17.8133 5.4633 6.6233 8.4733 2513
200410 61.4194 15.2355 20.7645 10.2516 2.3613 0.2097 10.5129 2883
200411 64.7333 9.1100 13.4133 5.2933 3.7233 2.6667 8.1200 2851
200412 54.0000 1.9161 5.8194 -1.4258 3.0484 0.8774 7.2452 2929
200501 60.4194 -2.5161 1.5419 -6.1710 2.6774 0.1452 7.7129 2970
200502 44.1071 -1.9429 2.1643 -5.4607 3.5464 0.6143 7.6250 2487
200503 63.7097 4.1323 8.8484 0.1581 3.7935 0.4032 8.6903 2767
200504 84.4667 13.2267 18.1300 8.9000 4.2900 3.1567 9.2300 2695
200505 56.3226 17.7226 22.9484 13.0000 4.0774 2.7677 9.9484 2661
200506 65.9333 22.6567 27.2967 19.1400 6.2533 5.6167 8.1567 2292
200507 67.0323 25.3065 28.8290 22.6581 7.2355 8.6903 6.1710 2376
200508 43.9355 25.1258 28.7355 22.3548 6.9355 9.1935 6.3806 2259
200509 35.7667 21.8400 25.6600 18.6033 6.3900 10.4433 7.0567 2315
200510 53.6774 14.6645 19.4323 10.6581 3.3581 1.6968 8.7742 2800
200511 68.2000 8.5667 12.8967 4.6433 2.9367 1.4867 8.2533 2699
200512 47.7742 -3.9000 -0.1161 -7.4258 2.1516 0.3323 7.3097 2874
200601 63.4839 -0.2129 3.4000 -3.2645 4.0226 1.1065 6.6645 2682
200602 64.6071 0.1036 4.2071 -4.0536 4.2964 0.5607 8.2607 2480
200603 77.2258 5.1806 9.9452 0.9161 4.1839 0.4516 9.0290 2675
200604 106.0667 11.5500 16.1833 7.6633 5.8833 1.7267 8.5200 2552
200605 61.9355 18.4419 23.4065 14.0000 5.2323 5.0387 9.4065 2504
200606 68.6667 21.7967 26.3100 18.0500 6.0500 5.6167 8.2600 2260
200607 32.8065 23.1387 25.9806 20.8645 8.6581 32.7097 5.1161 2311
200608 37.9677 27.0387 31.1484 23.9290 5.4161 3.9097 7.2194 2372
200609 33.8333 21.0967 25.7433 16.8867 4.6667 0.3700 8.8567 2303
200610 58.4194 17.9323 22.6226 13.9032 3.1677 0.9742 8.7194 2466
200611 47.7333 8.3500 12.3967 4.5167 4.3200 1.5867 7.8800 2588
200612 60.7742 1.4129 5.3903 -2.0484 3.7065 0.5581 7.4387 2758
200701 71.1613 0.3935 4.1226 -2.7903 3.4516 0.3484 6.9129 2953
200702 80.8214 3.9571 8.6607 0.0893 3.2679 0.4500 8.5714 2357
200703 69.3871 6.0548 10.3323 2.2613 5.2129 3.9839 8.0710 2512
200704 76.9667 11.3600 16.0500 7.5367 4.7733 1.3700 8.5133 2436
200705 85.2903 18.0968 23.3581 13.6226 5.4677 4.4387 9.7355 2356
200706 45.7667 23.1833 27.7367 19.1933 6.1333 1.8167 8.5433 2242
200707 54.9677 24.1677 27.8161 21.2806 7.6290 8.8419 6.5355 2217
200708 31.1290 26.4581 29.8645 23.7839 6.9355 7.6645 6.0806 2180
200709 34.3000 21.5433 25.0700 18.6267 7.2900 8.0633 6.4433 2270
200710 44.6452 15.0935 19.6258 11.2935 4.8710 1.2742 8.3323 2513
200711 67.3667 6.7400 11.4300 2.8367 3.1300 0.8800 8.5933 2522
200712 71.4516 1.7548 5.4387 -1.3903 4.0032 0.4097 6.8290 2719
200801 60.6774 -1.6839 1.9097 -5.0387 4.4806 0.5710 6.9484 2766
200802 62.5517 -1.1862 3.2138 -4.8759 2.3138 0.5172 8.0897 2494
200803 70.0968 7.3484 11.8516 3.6903 4.2452 1.7387 8.1613 2662
200804 73.0333 14.1167 19.4600 9.2933 4.6067 1.2833 10.1667 2341
200805 61.0323 17.6548 22.6871 13.1355 4.8032 3.1516 9.5516 2382
200806 44.6000 21.5200 26.0933 17.6300 6.5200 5.5000 8.4633 2063
200807 41.5484 25.1290 28.4355 22.5581 8.1548 17.1226 5.8774 2107
200808 31.4516 25.3065 29.4935 21.7903 5.3677 8.1032 7.7032 2039
200809 41.8667 22.0467 26.8767 18.0267 5.2300 3.3067 8.8500 2001
200810 62.5161 16.1484 21.0484 12.1355 3.9161 1.3484 8.9129 2398
200811 49.3333 7.6233 11.6867 3.8333 4.2600 0.6533 7.8533 2280
200812 61.0000 1.0677 4.9742 -2.6613 4.3194 0.8355 7.6355 2399
200901 57.1290 -1.9645 2.3194 -5.4613 2.4839 0.1839 7.7806 2551
200902 80.6429 2.9393 6.7643 -0.6143 5.3214 1.3179 7.3786 2161
200903 60.2903 6.0129 10.5581 1.7548 4.4419 2.0613 8.8032 2297
200904 65.9667 12.7100 17.9867 8.1267 4.0800 2.2167 9.8600 2183
200905 57.1935 19.1258 24.2806 14.6129 4.2613 3.5161 9.6677 2195
200906 50.5667 22.4267 26.7367 18.7500 5.3500 4.4000 7.9867 1912
200907 41.3226 24.3000 28.1710 21.0065 6.7387 21.2710 7.1645 1876
200908 31.0968 25.7032 29.5323 22.4484 5.6355 9.2032 7.0839 1832
200909 38.7667 21.7500 26.3300 17.6833 3.9733 2.1500 8.6467 1928
200910 51.6129 15.9742 20.8581 11.7452 2.5161 2.1581 9.1129 2239
200911 45.5333 6.8900 10.3567 3.7467 5.1067 1.7467 6.6100 2251
200912 70.2903 -1.0097 2.5000 -4.2194 3.8387 0.6935 6.7194 2411
201001 59.0968 -4.4968 -0.6968 -8.1258 3.6742 0.9452 7.4290 2440
201002 49.7143 1.4143 4.9321 -1.7000 4.8107 1.9750 6.6321 2047
201003 60.8065 4.2677 8.0613 0.4903 6.2258 2.6613 7.5710 2297
201004 48.9667 9.5233 14.0400 5.5700 5.2167 2.0933 8.4700 2165
201005 55.7419 17.1516 21.9935 12.9645 5.3839 4.0000 9.0290 2164
201006 50.9000 23.4000 28.1500 19.2633 5.0033 4.2533 8.8867 2029
201007 32.6452 25.7742 29.2548 23.1387 7.3839 7.7161 6.1161 1938
201008 31.6774 26.4806 29.9516 23.8000 7.6258 19.3129 6.1516 2051
201009 25.5000 21.8133 25.9700 18.5133 5.9033 22.3833 7.4567 2071
201010 40.9355 14.5161 19.3000 10.4161 3.7065 0.8258 8.8839 2358
201011 70.9000 6.4933 11.3033 2.5433 3.3933 0.3633 8.7600 2407
201012 62.0968 -1.2774 3.1323 -5.1032 4.0710 0.5194 8.2355 2547
201101 44.0323 -7.1839 -3.4065 -10.5226 2.7387 0.2871 7.1161 2515
201102 74.5714 1.2214 5.8643 -2.4607 4.0321 1.0393 8.3250 2167
201103 64.7742 3.6161 8.3452 -0.1194 3.3032 0.4710 8.4645 2183
201104 55.7667 10.7200 15.5967 6.7733 4.7333 3.6700 8.8233 2085
201105 71.9355 17.9258 22.9839 13.5710 5.6419 1.7226 9.4129 2082
201106 43.9333 21.9767 26.5767 18.3833 6.1267 13.4833 8.1933 1968
201107 28.0968 24.6387 27.9968 21.9742 7.9871 36.4839 6.0226 1946
201108 26.8710 25.7742 29.4516 22.9677 7.4581 5.3806 6.4839 1932
201109 29.1000 21.7500 26.5733 17.7067 4.4667 0.8533 8.8667 1879
201110 42.4839 14.2226 19.3484 9.6548 3.8065 1.0323 9.6935 2178
201111 37.6333 10.6867 14.6933 7.1633 6.0433 1.8733 7.5300 2150
201112 45.8065 -0.8710 2.8516 -4.1097 3.9290 0.2290 6.9613 2319
201201 59.7097 -2.7871 1.3387 -6.3000 3.6129 0.2161 7.6387 2408
201202 50.4483 -2.0448 2.9690 -6.0207 3.4000 0.0276 8.9897 2519
201203 46.8065 5.0903 9.5226 1.4839 5.1935 1.5290 8.0387 2262
201204 51.3333 12.3400 17.8867 7.7667 4.6000 5.2333 10.1200 2162
201205 51.7097 19.7323 25.1484 15.3516 4.3032 0.2645 9.7968 1986
201206 40.4333 24.1400 29.7167 19.9567 5.4167 3.0633 9.7600 1878
201207 28.0645 25.4129 29.0258 22.3871 7.3516 14.4806 6.6387 1940
201208 21.7419 27.1323 30.8516 23.9129 6.7548 14.9968 6.9387 1926
201209 27.3000 20.9633 24.9767 17.4400 5.6200 7.0667 7.5367 1874
201210 32.8387 15.3484 20.5032 11.0484 3.6032 3.2032 9.4548 2244
201211 42.0000 5.5400 9.5167 1.7600 4.5367 2.2600 7.7567 2201
201212 41.3226 -4.1194 -0.5194 -7.3903 3.4677 1.3355 6.8710 2344
201301 63.3548 -3.4323 0.3355 -6.5871 4.2613 0.7129 6.9226 2355
201302 44.5714 -1.2393 2.7750 -4.9179 4.7179 2.6464 7.6929 2172
201303 55.3871 5.1355 10.8355 0.7194 3.3194 0.8806 10.1161 2355
201304 52.0000 10.0067 14.9800 5.7033 5.0067 2.3900 9.2767 2118
201305 55.3871 18.2226 23.5871 13.6613 4.6710 4.2581 9.9258 2062
201306 40.1000 24.4100 29.2367 20.4600 5.4433 0.9433 8.7767 1875
201307 34.0968 25.5194 28.3355 23.4258 8.4935 21.8129 4.9097 1866
201308 34.9355 27.6968 31.0871 24.8387 6.2226 4.7935 6.2484 1926
201309 28.1333 21.7533 25.9433 18.0033 5.5367 4.6167 7.9400 1960
201310 28.9677 15.7774 21.2355 10.9032 2.8548 0.4355 10.3323 2175
201311 42.4667 6.1500 10.6600 2.1100 3.9133 1.5633 8.5500 2267
201312 55.3226 -0.1839 3.5258 -3.4968 3.9839 0.7968 7.0226 2316
201401 56.9355 -0.6774 3.5419 -4.8677 3.3871 0.4194 8.4097 2307
201402 56.8929 1.9286 6.6036 -1.8107 4.0000 0.5786 8.4143 2279
201403 60.0968 7.8903 13.0581 3.5258 3.9323 0.2323 9.5323 2247
201404 57.6000 13.9633 19.6367 9.4000 4.7467 1.0333 10.2367 1967
201405 62.7419 18.9452 25.2516 13.7968 3.1710 2.0323 11.4548 1965
201406 38.1667 23.0633 27.7700 19.7133 6.6767 3.2700 8.0567 1833
201407 38.4516 26.1484 30.6355 22.9258 6.8355 6.7065 7.7097 1768
201408 29.3226 25.1645 28.9516 22.1161 7.1323 5.5742 6.8355 1869
201409 28.9000 22.0633 26.9833 18.0433 4.9300 2.9367 8.9400 1797
201410 33.5806 15.6355 21.4161 10.6839 3.3194 1.6839 10.7323 2082
201411 44.6667 8.9533 13.7867 4.8833 4.3000 1.3833 8.9033 2064
201412 43.2258 -2.9194 1.4968 -6.7226 3.4452 0.5774 8.2194 2308
201501 48.9355 -0.9355 3.5839 -4.8065 3.8516 0.3645 8.3903 2301
201502 83.7143 1.0429 5.9607 -2.8857 4.4500 0.8107 8.8464 2157
201503 70.7419 6.2903 12.4452 0.9806 2.7871 0.3097 11.4645 2363
201504 44.8000 13.3267 18.8267 8.4033 4.9700 2.6833 10.4233 2123
201505 45.0000 18.8839 24.8871 13.5742 4.1355 0.9323 11.3129 1969
201506 34.7667 23.5867 29.4633 18.9267 5.5933 3.3000 10.5367 1842
201507 29.6129 25.8355 30.0258 22.6129 7.0065 7.2903 7.4129 1768
201508 33.4516 26.2677 30.7871 22.8097 5.6419 2.3516 7.9774 1854
201509 27.9333 22.3900 28.0767 17.5167 3.8467 0.8667 10.5600 1888
201510 44.9355 15.5065 21.2194 10.7806 2.8419 2.6290 10.4387 2072
201511 33.0000 8.9000 12.7400 5.8667 6.5533 3.4867 6.8733 2051
201512 48.0968 1.5935 5.9968 -2.1194 4.1258 0.9387 8.1161 2067
201601 50.1290 -3.2000 1.1258 -6.8097 3.9903 0.0323 7.9355 2155
201602 45.1724 0.1931 5.0759 -4.0759 3.6552 1.6414 9.1517 2201
201603 64.0000 7.0452 12.6129 2.3548 3.5581 1.3065 10.2581 2121
201604 70.9000 14.0667 20.3167 9.0500 4.8033 2.5600 11.2667 1899
201605 55.8387 19.5581 25.6871 14.1419 4.5871 5.1774 11.5452 1943
201606 45.5667 23.5967 28.6800 19.4633 5.2500 1.8133 9.2167 1791
201607 33.4839 26.2355 29.8226 23.2871 7.1935 11.5548 6.5355 1739
201608 34.2903 27.9968 32.6355 24.4516 4.6065 2.1645 8.1839 1770
201609 37.3667 23.0833 27.8900 19.2567 5.7600 1.1000 8.6333 1874
201610 37.5806 16.0806 21.3097 11.6194 5.2806 2.4129 9.6903 1888
201611 52.2333 6.7733 11.6067 2.8233 4.7433 0.5567 8.7833 1955
201612 47.8710 1.2452 5.8000 -2.6710 4.7000 1.9710 8.4710 2079
