DATE PM10 PM2p5 O3 NO2 CO SO2 TOT_WORD POS_NUM NEG_NUM POS_PRO NEG_PRO
20180506 14 9 0.04 0.015 0.4 0.003 5 0 0 0 0
20180506 14 9 0.04 0.015 0.4 0.003 12 0 0 0 0
20180506 14 9 0.04 0.015 0.4 0.003 12 0 1 0 0.0833333333333333
20180506 14 9 0.04 0.015 0.4 0.003 28 1 1 0.0357142857142857 0.0357142857142857
20180506 14 9 0.04 0.015 0.4 0.003 32 0 0 0 0
20180506 14 9 0.04 0.015 0.4 0.003 5 0 0 0 0
20180506 14 9 0.04 0.015 0.4 0.003 27 0 1 0 0.037037037037037
20180506 14 9 0.04 0.015 0.4 0.003 10 2 0 0.2 0
20180506 14 9 0.04 0.015 0.4 0.003 24 0 0 0 0
20180506 14 9 0.04 0.015 0.4 0.003 22 1 2 0.0454545454545455 0.0909090909090909
20180506 14 9 0.04 0.015 0.4 0.003 18 0 0 0 0
20180506 14 9 0.04 0.015 0.4 0.003 32 0 0 0 0
20180506 14 9 0.04 0.015 0.4 0.003 16 1 1 0.0625 0.0625
20180506 14 9 0.04 0.015 0.4 0.003 21 0 0 0 0
20180506 14 9 0.04 0.015 0.4 0.003 16 1 0 0.0625 0
20180506 14 9 0.04 0.015 0.4 0.003 25 1 1 0.04 0.04
20180506 14 9 0.04 0.015 0.4 0.003 24 0 0 0 0
20180506 14 9 0.04 0.015 0.4 0.003 24 0 0 0 0
20180506 14 9 0.04 0.015 0.4 0.003 21 0 0 0 0
20180506 14 9 0.04 0.015 0.4 0.003 12 0 0 0 0
20180506 14 9 0.04 0.015 0.4 0.003 20 1 1 0.05 0.05
20180506 14 9 0.04 0.015 0.4 0.003 6 0 0 0 0
20180506 14 9 0.04 0.015 0.4 0.003 5 1 1 0.2 0.2
20180506 14 9 0.04 0.015 0.4 0.003 4 0 0 0 0
20180506 14 9 0.04 0.015 0.4 0.003 10 0 0 0 0
20180506 14 9 0.04 0.015 0.4 0.003 8 0 0 0 0
20180506 14 9 0.04 0.015 0.4 0.003 22 0 0 0 0
20180506 14 9 0.04 0.015 0.4 0.003 22 0 0 0 0
20180506 14 9 0.04 0.015 0.4 0.003 17 0 0 0 0
20180506 14 9 0.04 0.015 0.4 0.003 22 0 0 0 0
20180506 14 9 0.04 0.015 0.4 0.003 2 0 0 0 0
20180506 14 9 0.04 0.015 0.4 0.003 11 0 0 0 0
20180506 14 9 0.04 0.015 0.4 0.003 13 0 0 0 0
20180506 14 9 0.04 0.015 0.4 0.003 18 0 0 0 0
20180506 14 9 0.04 0.015 0.4 0.003 5 0 0 0 0
20180506 14 9 0.04 0.015 0.4 0.003 9 0 0 0 0
20180506 14 9 0.04 0.015 0.4 0.003 3 0 0 0 0
20180506 14 9 0.04 0.015 0.4 0.003 34 0 1 0 0.0294117647058824
20180506 14 9 0.04 0.015 0.4 0.003 22 1 0 0.0454545454545455 0
20180506 14 9 0.04 0.015 0.4 0.003 20 0 0 0 0
20180506 14 9 0.04 0.015 0.4 0.003 16 0 0 0 0
20180506 14 9 0.04 0.015 0.4 0.003 9 0 0 0 0
20180506 14 9 0.04 0.015 0.4 0.003 11 0 0 0 0
20180506 14 9 0.04 0.015 0.4 0.003 17 0 1 0 0.0588235294117647
20180506 14 9 0.04 0.015 0.4 0.003 31 0 0 0 0
20180506 14 9 0.04 0.015 0.4 0.003 24 0 0 0 0
20180506 14 9 0.04 0.015 0.4 0.003 16 0 0 0 0
20180506 14 9 0.04 0.015 0.4 0.003 27 0 0 0 0
20180506 14 9 0.04 0.015 0.4 0.003 34 0 1 0 0.0294117647058824
20180506 14 9 0.04 0.015 0.4 0.003 18 1 0 0.0555555555555556 0
20180506 14 9 0.04 0.015 0.4 0.003 4 0 0 0 0
20180506 14 9 0.04 0.015 0.4 0.003 15 0 0 0 0
20180506 14 9 0.04 0.015 0.4 0.003 16 0 0 0 0
20180506 14 9 0.04 0.015 0.4 0.003 7 0 0 0 0
20180506 14 9 0.04 0.015 0.4 0.003 19 0 0 0 0
20180506 14 9 0.04 0.015 0.4 0.003 8 0 0 0 0
20180506 14 9 0.04 0.015 0.4 0.003 15 0 0 0 0
20180506 14 9 0.04 0.015 0.4 0.003 22 0 4 0 0.181818181818182
20180506 14 9 0.04 0.015 0.4 0.003 5 0 0 0 0
20180506 14 9 0.04 0.015 0.4 0.003 18 0 0 0 0
20180506 14 9 0.04 0.015 0.4 0.003 22 0 0 0 0
20180506 14 9 0.04 0.015 0.4 0.003 5 0 0 0 0
20180506 14 9 0.04 0.015 0.4 0.003 30 0 1 0 0.0333333333333333
20180506 14 9 0.04 0.015 0.4 0.003 17 0 0 0 0
20180506 14 9 0.04 0.015 0.4 0.003 6 0 0 0 0
20180506 14 9 0.04 0.015 0.4 0.003 11 0 0 0 0
20180506 14 9 0.04 0.015 0.4 0.003 16 2 1 0.125 0.0625
20180506 14 9 0.04 0.015 0.4 0.003 30 0 0 0 0
20180506 14 9 0.04 0.015 0.4 0.003 26 0 0 0 0
20180506 14 9 0.04 0.015 0.4 0.003 4 0 0 0 0
20180506 14 9 0.04 0.015 0.4 0.003 19 0 0 0 0
20180506 14 9 0.04 0.015 0.4 0.003 7 0 0 0 0
20180506 14 9 0.04 0.015 0.4 0.003 6 0 0 0 0
20180506 14 9 0.04 0.015 0.4 0.003 18 1 1 0.0555555555555556 0.0555555555555556
20180506 14 9 0.04 0.015 0.4 0.003 11 0 0 0 0
20180506 14 9 0.04 0.015 0.4 0.003 4 0 0 0 0
20180506 14 9 0.04 0.015 0.4 0.003 14 0 0 0 0
20180506 14 9 0.04 0.015 0.4 0.003 18 0 0 0 0
20180506 14 9 0.04 0.015 0.4 0.003 5 0 0 0 0
20180506 14 9 0.04 0.015 0.4 0.003 16 0 0 0 0
20180506 14 9 0.04 0.015 0.4 0.003 4 0 0 0 0
20180506 14 9 0.04 0.015 0.4 0.003 18 0 0 0 0
20180506 14 9 0.04 0.015 0.4 0.003 14 0 0 0 0
20180506 14 9 0.04 0.015 0.4 0.003 15 0 0 0 0
20180506 14 9 0.04 0.015 0.4 0.003 16 0 0 0 0
20180506 14 9 0.04 0.015 0.4 0.003 24 0 0 0 0
20180506 14 9 0.04 0.015 0.4 0.003 6 0 0 0 0
20180506 14 9 0.04 0.015 0.4 0.003 8 1 1 0.125 0.125
20180506 14 9 0.04 0.015 0.4 0.003 3 0 0 0 0
20180506 14 9 0.04 0.015 0.4 0.003 24 0 0 0 0
20180506 14 9 0.04 0.015 0.4 0.003 19 0 0 0 0
20180506 14 9 0.04 0.015 0.4 0.003 7 0 0 0 0
20180506 14 9 0.04 0.015 0.4 0.003 7 0 0 0 0
20180506 14 9 0.04 0.015 0.4 0.003 16 0 0 0 0
20180506 14 9 0.04 0.015 0.4 0.003 7 1 2 0.142857142857143 0.285714285714286
20180506 14 9 0.04 0.015 0.4 0.003 15 0 0 0 0
20180506 14 9 0.04 0.015 0.4 0.003 7 0 0 0 0
20180506 14 9 0.04 0.015 0.4 0.003 26 0 0 0 0
20180506 14 9 0.04 0.015 0.4 0.003 8 1 1 0.125 0.125
20180506 14 9 0.04 0.015 0.4 0.003 11 0 0 0 0
20180506 14 9 0.04 0.015 0.4 0.003 7 0 0 0 0
20180506 14 9 0.04 0.015 0.4 0.003 12 0 0 0 0
20180506 14 9 0.04 0.015 0.4 0.003 4 0 0 0 0
20180506 14 9 0.04 0.015 0.4 0.003 15 0 0 0 0
20180506 14 9 0.04 0.015 0.4 0.003 8 0 0 0 0
20180506 14 9 0.04 0.015 0.4 0.003 17 0 0 0 0
20180506 14 9 0.04 0.015 0.4 0.003 4 0 0 0 0
20180506 14 9 0.04 0.015 0.4 0.003 5 0 0 0 0
20180506 14 9 0.04 0.015 0.4 0.003 10 0 0 0 0
20180506 14 9 0.04 0.015 0.4 0.003 20 0 1 0 0.05
20180506 14 9 0.04 0.015 0.4 0.003 28 2 1 0.0714285714285714 0.0357142857142857
20180506 14 9 0.04 0.015 0.4 0.003 6 0 0 0 0
20180506 14 9 0.04 0.015 0.4 0.003 30 0 0 0 0
20180506 14 9 0.04 0.015 0.4 0.003 18 0 0 0 0
20180506 14 9 0.04 0.015 0.4 0.003 3 0 0 0 0
20180506 14 9 0.04 0.015 0.4 0.003 13 1 1 0.0769230769230769 0.0769230769230769
20180506 14 9 0.04 0.015 0.4 0.003 5 0 0 0 0
20180506 14 9 0.04 0.015 0.4 0.003 5 0 0 0 0
20180506 14 9 0.04 0.015 0.4 0.003 23 0 0 0 0
20180506 14 9 0.04 0.015 0.4 0.003 14 0 0 0 0
20180506 14 9 0.04 0.015 0.4 0.003 5 0 0 0 0
20180506 14 9 0.04 0.015 0.4 0.003 6 0 0 0 0
20180506 14 9 0.04 0.015 0.4 0.003 9 0 0 0 0
20180506 14 9 0.04 0.015 0.4 0.003 4 0 0 0 0
20180506 14 9 0.04 0.015 0.4 0.003 6 0 0 0 0
20180506 14 9 0.04 0.015 0.4 0.003 17 1 1 0.0588235294117647 0.0588235294117647
20180506 14 9 0.04 0.015 0.4 0.003 21 0 0 0 0
20180506 14 9 0.04 0.015 0.4 0.003 26 0 0 0 0
20180506 14 9 0.04 0.015 0.4 0.003 7 0 0 0 0
20180506 14 9 0.04 0.015 0.4 0.003 6 0 0 0 0
20180506 14 9 0.04 0.015 0.4 0.003 12 0 0 0 0
20180506 14 9 0.04 0.015 0.4 0.003 14 0 0 0 0
20180506 14 9 0.04 0.015 0.4 0.003 13 0 0 0 0
20180506 14 9 0.04 0.015 0.4 0.003 13 0 0 0 0
20180506 14 9 0.04 0.015 0.4 0.003 29 0 0 0 0
20180506 14 9 0.04 0.015 0.4 0.003 8 0 0 0 0
20180506 14 9 0.04 0.015 0.4 0.003 10 0 0 0 0
20180506 14 9 0.04 0.015 0.4 0.003 7 0 0 0 0
20180506 14 9 0.04 0.015 0.4 0.003 5 0 0 0 0
20180506 14 9 0.04 0.015 0.4 0.003 7 0 1 0 0.142857142857143
20180506 14 9 0.04 0.015 0.4 0.003 12 0 0 0 0
20180506 14 9 0.04 0.015 0.4 0.003 13 0 0 0 0
20180506 14 9 0.04 0.015 0.4 0.003 25 1 0 0.04 0
20180506 14 9 0.04 0.015 0.4 0.003 3 0 0 0 0
20180506 14 9 0.04 0.015 0.4 0.003 4 0 0 0 0
20180506 14 9 0.04 0.015 0.4 0.003 4 0 0 0 0
20180506 14 9 0.04 0.015 0.4 0.003 5 1 1 0.2 0.2
20180506 14 9 0.04 0.015 0.4 0.003 10 0 0 0 0
20180506 14 9 0.04 0.015 0.4 0.003 6 1 0 0.166666666666667 0
20180506 14 9 0.04 0.015 0.4 0.003 9 1 1 0.111111111111111 0.111111111111111
20180506 14 9 0.04 0.015 0.4 0.003 9 0 0 0 0
20180506 14 9 0.04 0.015 0.4 0.003 4 0 0 0 0
20180506 14 9 0.04 0.015 0.4 0.003 2 0 0 0 0
20180506 14 9 0.04 0.015 0.4 0.003 29 0 0 0 0
20180506 14 9 0.04 0.015 0.4 0.003 32 0 1 0 0.03125
20180506 14 9 0.04 0.015 0.4 0.003 25 1 0 0.04 0
20180506 14 9 0.04 0.015 0.4 0.003 12 0 0 0 0
20180506 14 9 0.04 0.015 0.4 0.003 22 0 0 0 0
20180506 14 9 0.04 0.015 0.4 0.003 11 0 0 0 0
20180506 14 9 0.04 0.015 0.4 0.003 5 0 0 0 0
20180506 14 9 0.04 0.015 0.4 0.003 2 0 0 0 0
20180506 14 9 0.04 0.015 0.4 0.003 3 0 0 0 0
20180506 14 9 0.04 0.015 0.4 0.003 22 1 0 0.0454545454545455 0
20180506 14 9 0.04 0.015 0.4 0.003 7 0 0 0 0
20180506 14 9 0.04 0.015 0.4 0.003 6 0 0 0 0
20180506 14 9 0.04 0.015 0.4 0.003 10 0 0 0 0
20180506 14 9 0.04 0.015 0.4 0.003 4 0 0 0 0
20180506 14 9 0.04 0.015 0.4 0.003 3 0 0 0 0
20180506 14 9 0.04 0.015 0.4 0.003 10 0 0 0 0
20180506 14 9 0.04 0.015 0.4 0.003 6 0 0 0 0
20180506 14 9 0.04 0.015 0.4 0.003 2 0 0 0 0
20180506 14 9 0.04 0.015 0.4 0.003 6 0 0 0 0
20180506 14 9 0.04 0.015 0.4 0.003 3 0 0 0 0
20180506 14 9 0.04 0.015 0.4 0.003 10 0 0 0 0
20180506 14 9 0.04 0.015 0.4 0.003 3 0 0 0 0
20180506 14 9 0.04 0.015 0.4 0.003 19 0 0 0 0
20180506 14 9 0.04 0.015 0.4 0.003 2 0 0 0 0
20180506 14 9 0.04 0.015 0.4 0.003 6 1 0 0.166666666666667 0
20180506 14 9 0.04 0.015 0.4 0.003 15 2 1 0.133333333333333 0.0666666666666667
20180506 14 9 0.04 0.015 0.4 0.003 4 0 0 0 0
20180506 14 9 0.04 0.015 0.4 0.003 8 0 0 0 0
20180506 14 9 0.04 0.015 0.4 0.003 29 2 2 0.0689655172413793 0.0689655172413793
20180506 14 9 0.04 0.015 0.4 0.003 10 0 0 0 0
20180506 14 9 0.04 0.015 0.4 0.003 9 0 0 0 0
20180506 14 9 0.04 0.015 0.4 0.003 9 0 0 0 0
20180506 14 9 0.04 0.015 0.4 0.003 26 1 1 0.0384615384615385 0.0384615384615385
20180506 14 9 0.04 0.015 0.4 0.003 16 0 0 0 0
20180506 14 9 0.04 0.015 0.4 0.003 5 0 0 0 0
20180506 14 9 0.04 0.015 0.4 0.003 4 0 0 0 0
20180506 14 9 0.04 0.015 0.4 0.003 3 0 0 0 0
20180506 14 9 0.04 0.015 0.4 0.003 20 0 1 0 0.05
20180506 14 9 0.04 0.015 0.4 0.003 19 2 0 0.105263157894737 0
20180506 14 9 0.04 0.015 0.4 0.003 27 1 0 0.037037037037037 0
20180506 14 9 0.04 0.015 0.4 0.003 5 0 0 0 0
20180506 14 9 0.04 0.015 0.4 0.003 5 0 0 0 0
20180506 14 9 0.04 0.015 0.4 0.003 9 0 0 0 0
20180506 14 9 0.04 0.015 0.4 0.003 17 0 0 0 0
20180506 14 9 0.04 0.015 0.4 0.003 19 0 0 0 0
20180506 14 9 0.04 0.015 0.4 0.003 2 0 0 0 0
20180506 14 9 0.04 0.015 0.4 0.003 12 0 0 0 0
20180506 14 9 0.04 0.015 0.4 0.003 5 0 0 0 0
20180506 14 9 0.04 0.015 0.4 0.003 4 0 0 0 0
20180506 14 9 0.04 0.015 0.4 0.003 7 0 0 0 0
20180506 14 9 0.04 0.015 0.4 0.003 1 0 0 0 0
20180506 14 9 0.04 0.015 0.4 0.003 7 0 0 0 0
20180506 14 9 0.04 0.015 0.4 0.003 17 0 0 0 0
20180506 14 9 0.04 0.015 0.4 0.003 9 0 0 0 0
20180506 14 9 0.04 0.015 0.4 0.003 31 1 1 0.032258064516129 0.032258064516129
20180506 14 9 0.04 0.015 0.4 0.003 25 0 0 0 0
20180506 14 9 0.04 0.015 0.4 0.003 9 0 0 0 0
20180506 14 9 0.04 0.015 0.4 0.003 20 0 0 0 0
20180506 14 9 0.04 0.015 0.4 0.003 23 1 1 0.0434782608695652 0.0434782608695652
20180506 14 9 0.04 0.015 0.4 0.003 12 0 0 0 0
20180506 14 9 0.04 0.015 0.4 0.003 13 0 0 0 0
20180506 14 9 0.04 0.015 0.4 0.003 4 0 0 0 0
20180506 14 9 0.04 0.015 0.4 0.003 2 0 0 0 0
20180506 14 9 0.04 0.015 0.4 0.003 29 0 1 0 0.0344827586206897
20180506 14 9 0.04 0.015 0.4 0.003 3 0 0 0 0
20180506 14 9 0.04 0.015 0.4 0.003 5 0 0 0 0
20180506 14 9 0.04 0.015 0.4 0.003 24 0 0 0 0
20180506 14 9 0.04 0.015 0.4 0.003 38 1 1 0.0263157894736842 0.0263157894736842
20180506 14 9 0.04 0.015 0.4 0.003 8 0 0 0 0
20180506 14 9 0.04 0.015 0.4 0.003 26 1 1 0.0384615384615385 0.0384615384615385
20180506 14 9 0.04 0.015 0.4 0.003 4 0 0 0 0
20180506 14 9 0.04 0.015 0.4 0.003 8 0 0 0 0
20180506 14 9 0.04 0.015 0.4 0.003 24 0 0 0 0
20180506 14 9 0.04 0.015 0.4 0.003 14 0 0 0 0
20180506 14 9 0.04 0.015 0.4 0.003 3 0 0 0 0
