DATE PM10 PM2p5 O3 NO2 CO SO2 TOT_WORD POS_NUM NEG_NUM POS_PRO NEG_PRO
20180505 40 19 0.056 0.02 0.4 0.005 29 0 0 0 0
20180505 40 19 0.056 0.02 0.4 0.005 15 0 0 0 0
20180505 40 19 0.056 0.02 0.4 0.005 11 0 0 0 0
20180505 40 19 0.056 0.02 0.4 0.005 9 1 0 0.111111111111111 0
20180505 40 19 0.056 0.02 0.4 0.005 8 0 0 0 0
20180505 40 19 0.056 0.02 0.4 0.005 11 0 1 0 0.0909090909090909
20180505 40 19 0.056 0.02 0.4 0.005 13 0 0 0 0
20180505 40 19 0.056 0.02 0.4 0.005 15 0 0 0 0
20180505 40 19 0.056 0.02 0.4 0.005 8 0 0 0 0
20180505 40 19 0.056 0.02 0.4 0.005 6 0 0 0 0
20180505 40 19 0.056 0.02 0.4 0.005 21 0 0 0 0
20180505 40 19 0.056 0.02 0.4 0.005 28 0 0 0 0
20180505 40 19 0.056 0.02 0.4 0.005 11 0 0 0 0
20180505 40 19 0.056 0.02 0.4 0.005 22 1 1 0.0454545454545455 0.0454545454545455
20180505 40 19 0.056 0.02 0.4 0.005 25 0 0 0 0
20180505 40 19 0.056 0.02 0.4 0.005 1 0 0 0 0
20180505 40 19 0.056 0.02 0.4 0.005 6 0 0 0 0
20180505 40 19 0.056 0.02 0.4 0.005 32 0 0 0 0
20180505 40 19 0.056 0.02 0.4 0.005 7 0 0 0 0
20180505 40 19 0.056 0.02 0.4 0.005 29 0 1 0 0.0344827586206897
20180505 40 19 0.056 0.02 0.4 0.005 25 1 1 0.04 0.04
20180505 40 19 0.056 0.02 0.4 0.005 21 0 0 0 0
20180505 40 19 0.056 0.02 0.4 0.005 28 3 3 0.107142857142857 0.107142857142857
20180505 40 19 0.056 0.02 0.4 0.005 8 0 0 0 0
20180505 40 19 0.056 0.02 0.4 0.005 5 0 0 0 0
20180505 40 19 0.056 0.02 0.4 0.005 5 0 0 0 0
20180505 40 19 0.056 0.02 0.4 0.005 8 0 1 0 0.125
20180505 40 19 0.056 0.02 0.4 0.005 10 0 0 0 0
20180505 40 19 0.056 0.02 0.4 0.005 9 0 1 0 0.111111111111111
20180505 40 19 0.056 0.02 0.4 0.005 10 2 0 0.2 0
20180505 40 19 0.056 0.02 0.4 0.005 14 0 0 0 0
20180505 40 19 0.056 0.02 0.4 0.005 9 0 0 0 0
20180505 40 19 0.056 0.02 0.4 0.005 7 0 0 0 0
20180505 40 19 0.056 0.02 0.4 0.005 25 0 0 0 0
20180505 40 19 0.056 0.02 0.4 0.005 24 1 1 0.0416666666666667 0.0416666666666667
20180505 40 19 0.056 0.02 0.4 0.005 8 0 0 0 0
20180505 40 19 0.056 0.02 0.4 0.005 14 0 2 0 0.142857142857143
20180505 40 19 0.056 0.02 0.4 0.005 7 0 1 0 0.142857142857143
20180505 40 19 0.056 0.02 0.4 0.005 7 0 2 0 0.285714285714286
20180505 40 19 0.056 0.02 0.4 0.005 10 0 0 0 0
20180505 40 19 0.056 0.02 0.4 0.005 12 0 0 0 0
20180505 40 19 0.056 0.02 0.4 0.005 18 0 1 0 0.0555555555555556
20180505 40 19 0.056 0.02 0.4 0.005 12 0 0 0 0
20180505 40 19 0.056 0.02 0.4 0.005 7 0 0 0 0
20180505 40 19 0.056 0.02 0.4 0.005 24 1 0 0.0416666666666667 0
20180505 40 19 0.056 0.02 0.4 0.005 29 0 0 0 0
20180505 40 19 0.056 0.02 0.4 0.005 22 0 0 0 0
20180505 40 19 0.056 0.02 0.4 0.005 17 0 1 0 0.0588235294117647
20180505 40 19 0.056 0.02 0.4 0.005 19 0 0 0 0
20180505 40 19 0.056 0.02 0.4 0.005 15 0 1 0 0.0666666666666667
20180505 40 19 0.056 0.02 0.4 0.005 30 0 0 0 0
20180505 40 19 0.056 0.02 0.4 0.005 11 0 0 0 0
20180505 40 19 0.056 0.02 0.4 0.005 3 0 0 0 0
20180505 40 19 0.056 0.02 0.4 0.005 34 1 1 0.0294117647058824 0.0294117647058824
20180505 40 19 0.056 0.02 0.4 0.005 5 0 0 0 0
20180505 40 19 0.056 0.02 0.4 0.005 20 0 0 0 0
20180505 40 19 0.056 0.02 0.4 0.005 9 0 0 0 0
20180505 40 19 0.056 0.02 0.4 0.005 8 1 0 0.125 0
20180505 40 19 0.056 0.02 0.4 0.005 20 0 0 0 0
20180505 40 19 0.056 0.02 0.4 0.005 16 1 1 0.0625 0.0625
20180505 40 19 0.056 0.02 0.4 0.005 9 1 0 0.111111111111111 0
20180505 40 19 0.056 0.02 0.4 0.005 12 0 0 0 0
20180505 40 19 0.056 0.02 0.4 0.005 26 0 0 0 0
20180505 40 19 0.056 0.02 0.4 0.005 8 0 0 0 0
20180505 40 19 0.056 0.02 0.4 0.005 17 0 0 0 0
20180505 40 19 0.056 0.02 0.4 0.005 30 0 1 0 0.0333333333333333
20180505 40 19 0.056 0.02 0.4 0.005 34 1 1 0.0294117647058824 0.0294117647058824
20180505 40 19 0.056 0.02 0.4 0.005 10 0 0 0 0
20180505 40 19 0.056 0.02 0.4 0.005 4 0 0 0 0
20180505 40 19 0.056 0.02 0.4 0.005 9 0 0 0 0
20180505 40 19 0.056 0.02 0.4 0.005 3 0 0 0 0
20180505 40 19 0.056 0.02 0.4 0.005 13 0 0 0 0
20180505 40 19 0.056 0.02 0.4 0.005 15 0 0 0 0
20180505 40 19 0.056 0.02 0.4 0.005 2 0 0 0 0
20180505 40 19 0.056 0.02 0.4 0.005 10 0 0 0 0
20180505 40 19 0.056 0.02 0.4 0.005 15 0 0 0 0
20180505 40 19 0.056 0.02 0.4 0.005 6 0 0 0 0
20180505 40 19 0.056 0.02 0.4 0.005 13 0 1 0 0.0769230769230769
20180505 40 19 0.056 0.02 0.4 0.005 6 0 0 0 0
20180505 40 19 0.056 0.02 0.4 0.005 20 0 0 0 0
20180505 40 19 0.056 0.02 0.4 0.005 4 0 0 0 0
20180505 40 19 0.056 0.02 0.4 0.005 4 0 0 0 0
20180505 40 19 0.056 0.02 0.4 0.005 6 0 0 0 0
20180505 40 19 0.056 0.02 0.4 0.005 3 0 0 0 0
20180505 40 19 0.056 0.02 0.4 0.005 11 0 0 0 0
20180505 40 19 0.056 0.02 0.4 0.005 7 0 0 0 0
20180505 40 19 0.056 0.02 0.4 0.005 11 0 0 0 0
20180505 40 19 0.056 0.02 0.4 0.005 2 0 0 0 0
20180505 40 19 0.056 0.02 0.4 0.005 6 0 0 0 0
20180505 40 19 0.056 0.02 0.4 0.005 6 0 0 0 0
20180505 40 19 0.056 0.02 0.4 0.005 7 0 0 0 0
20180505 40 19 0.056 0.02 0.4 0.005 15 0 0 0 0
