DATE PM10 PM2p5 O3 NO2 CO SO2 TOT_WORD POS_NUM NEG_NUM POS_PRO NEG_PRO
20180507 37 19 0.027 0.029 0.5 0.004 25 1 0 0.04 0
20180507 37 19 0.027 0.029 0.5 0.004 25 1 1 0.04 0.04
20180507 37 19 0.027 0.029 0.5 0.004 20 0 0 0 0
20180507 37 19 0.027 0.029 0.5 0.004 7 0 0 0 0
20180507 37 19 0.027 0.029 0.5 0.004 7 1 0 0.142857142857143 0
20180507 37 19 0.027 0.029 0.5 0.004 21 0 0 0 0
20180507 37 19 0.027 0.029 0.5 0.004 10 0 0 0 0
20180507 37 19 0.027 0.029 0.5 0.004 23 1 0 0.0434782608695652 0
20180507 37 19 0.027 0.029 0.5 0.004 23 0 0 0 0
20180507 37 19 0.027 0.029 0.5 0.004 9 0 0 0 0
20180507 37 19 0.027 0.029 0.5 0.004 17 0 0 0 0
20180507 37 19 0.027 0.029 0.5 0.004 24 0 1 0 0.0416666666666667
20180507 37 19 0.027 0.029 0.5 0.004 12 1 0 0.0833333333333333 0
20180507 37 19 0.027 0.029 0.5 0.004 7 0 0 0 0
20180507 37 19 0.027 0.029 0.5 0.004 9 0 0 0 0
20180507 37 19 0.027 0.029 0.5 0.004 10 0 0 0 0
20180507 37 19 0.027 0.029 0.5 0.004 10 0 0 0 0
20180507 37 19 0.027 0.029 0.5 0.004 9 0 0 0 0
20180507 37 19 0.027 0.029 0.5 0.004 20 0 0 0 0
20180507 37 19 0.027 0.029 0.5 0.004 8 0 1 0 0.125
20180507 37 19 0.027 0.029 0.5 0.004 13 0 0 0 0
20180507 37 19 0.027 0.029 0.5 0.004 14 0 0 0 0
20180507 37 19 0.027 0.029 0.5 0.004 25 0 0 0 0
20180507 37 19 0.027 0.029 0.5 0.004 27 1 0 0.037037037037037 0
20180507 37 19 0.027 0.029 0.5 0.004 27 1 0 0.037037037037037 0
20180507 37 19 0.027 0.029 0.5 0.004 29 0 0 0 0
20180507 37 19 0.027 0.029 0.5 0.004 17 0 0 0 0
20180507 37 19 0.027 0.029 0.5 0.004 10 0 0 0 0
20180507 37 19 0.027 0.029 0.5 0.004 29 0 0 0 0
20180507 37 19 0.027 0.029 0.5 0.004 20 0 0 0 0
20180507 37 19 0.027 0.029 0.5 0.004 21 0 0 0 0
20180507 37 19 0.027 0.029 0.5 0.004 22 0 1 0 0.0454545454545455
20180507 37 19 0.027 0.029 0.5 0.004 25 2 2 0.08 0.08
20180507 37 19 0.027 0.029 0.5 0.004 5 0 0 0 0
20180507 37 19 0.027 0.029 0.5 0.004 28 0 0 0 0
20180507 37 19 0.027 0.029 0.5 0.004 7 0 0 0 0
20180507 37 19 0.027 0.029 0.5 0.004 5 0 0 0 0
20180507 37 19 0.027 0.029 0.5 0.004 27 2 1 0.0740740740740741 0.037037037037037
20180507 37 19 0.027 0.029 0.5 0.004 20 0 1 0 0.05
20180507 37 19 0.027 0.029 0.5 0.004 28 0 0 0 0
20180507 37 19 0.027 0.029 0.5 0.004 8 0 0 0 0
20180507 37 19 0.027 0.029 0.5 0.004 22 0 0 0 0
20180507 37 19 0.027 0.029 0.5 0.004 25 0 0 0 0
20180507 37 19 0.027 0.029 0.5 0.004 25 1 0 0.04 0
20180507 37 19 0.027 0.029 0.5 0.004 7 0 0 0 0
20180507 37 19 0.027 0.029 0.5 0.004 8 1 1 0.125 0.125
20180507 37 19 0.027 0.029 0.5 0.004 2 0 0 0 0
20180507 37 19 0.027 0.029 0.5 0.004 7 0 0 0 0
20180507 37 19 0.027 0.029 0.5 0.004 11 0 0 0 0
20180507 37 19 0.027 0.029 0.5 0.004 27 1 0 0.037037037037037 0
20180507 37 19 0.027 0.029 0.5 0.004 7 0 1 0 0.142857142857143
20180507 37 19 0.027 0.029 0.5 0.004 22 1 0 0.0454545454545455 0
20180507 37 19 0.027 0.029 0.5 0.004 21 0 0 0 0
20180507 37 19 0.027 0.029 0.5 0.004 17 1 1 0.0588235294117647 0.0588235294117647
20180507 37 19 0.027 0.029 0.5 0.004 19 0 0 0 0
20180507 37 19 0.027 0.029 0.5 0.004 8 0 1 0 0.125
20180507 37 19 0.027 0.029 0.5 0.004 16 0 0 0 0
20180507 37 19 0.027 0.029 0.5 0.004 9 1 1 0.111111111111111 0.111111111111111
20180507 37 19 0.027 0.029 0.5 0.004 33 0 0 0 0
20180507 37 19 0.027 0.029 0.5 0.004 29 1 0 0.0344827586206897 0
20180507 37 19 0.027 0.029 0.5 0.004 15 0 0 0 0
20180507 37 19 0.027 0.029 0.5 0.004 26 0 0 0 0
20180507 37 19 0.027 0.029 0.5 0.004 20 1 1 0.05 0.05
20180507 37 19 0.027 0.029 0.5 0.004 25 0 0 0 0
20180507 37 19 0.027 0.029 0.5 0.004 19 0 0 0 0
20180507 37 19 0.027 0.029 0.5 0.004 14 0 0 0 0
20180507 37 19 0.027 0.029 0.5 0.004 30 1 1 0.0333333333333333 0.0333333333333333
20180507 37 19 0.027 0.029 0.5 0.004 8 0 0 0 0
20180507 37 19 0.027 0.029 0.5 0.004 9 0 0 0 0
20180507 37 19 0.027 0.029 0.5 0.004 11 0 0 0 0
20180507 37 19 0.027 0.029 0.5 0.004 31 0 0 0 0
20180507 37 19 0.027 0.029 0.5 0.004 22 0 1 0 0.0454545454545455
20180507 37 19 0.027 0.029 0.5 0.004 7 0 1 0 0.142857142857143
20180507 37 19 0.027 0.029 0.5 0.004 9 0 0 0 0
20180507 37 19 0.027 0.029 0.5 0.004 12 0 0 0 0
20180507 37 19 0.027 0.029 0.5 0.004 11 0 0 0 0
20180507 37 19 0.027 0.029 0.5 0.004 23 0 2 0 0.0869565217391304
20180507 37 19 0.027 0.029 0.5 0.004 5 0 0 0 0
20180507 37 19 0.027 0.029 0.5 0.004 12 0 0 0 0
20180507 37 19 0.027 0.029 0.5 0.004 6 0 0 0 0
20180507 37 19 0.027 0.029 0.5 0.004 7 0 0 0 0
20180507 37 19 0.027 0.029 0.5 0.004 13 0 0 0 0
20180507 37 19 0.027 0.029 0.5 0.004 5 0 0 0 0
20180507 37 19 0.027 0.029 0.5 0.004 8 0 0 0 0
20180507 37 19 0.027 0.029 0.5 0.004 23 1 2 0.0434782608695652 0.0869565217391304
20180507 37 19 0.027 0.029 0.5 0.004 20 0 0 0 0
20180507 37 19 0.027 0.029 0.5 0.004 19 0 0 0 0
20180507 37 19 0.027 0.029 0.5 0.004 12 0 0 0 0
20180507 37 19 0.027 0.029 0.5 0.004 13 0 0 0 0
20180507 37 19 0.027 0.029 0.5 0.004 17 0 0 0 0
20180507 37 19 0.027 0.029 0.5 0.004 8 0 1 0 0.125
20180507 37 19 0.027 0.029 0.5 0.004 8 0 0 0 0
20180507 37 19 0.027 0.029 0.5 0.004 10 0 0 0 0
20180507 37 19 0.027 0.029 0.5 0.004 11 0 2 0 0.181818181818182
20180507 37 19 0.027 0.029 0.5 0.004 13 0 0 0 0
20180507 37 19 0.027 0.029 0.5 0.004 5 0 0 0 0
20180507 37 19 0.027 0.029 0.5 0.004 11 0 0 0 0
20180507 37 19 0.027 0.029 0.5 0.004 14 0 0 0 0
20180507 37 19 0.027 0.029 0.5 0.004 7 0 0 0 0
20180507 37 19 0.027 0.029 0.5 0.004 24 1 0 0.0416666666666667 0
20180507 37 19 0.027 0.029 0.5 0.004 25 2 0 0.08 0
20180507 37 19 0.027 0.029 0.5 0.004 26 0 0 0 0
20180507 37 19 0.027 0.029 0.5 0.004 28 0 0 0 0
20180507 37 19 0.027 0.029 0.5 0.004 19 1 1 0.0526315789473684 0.0526315789473684
20180507 37 19 0.027 0.029 0.5 0.004 11 1 2 0.0909090909090909 0.181818181818182
20180507 37 19 0.027 0.029 0.5 0.004 6 0 0 0 0
20180507 37 19 0.027 0.029 0.5 0.004 7 0 0 0 0
20180507 37 19 0.027 0.029 0.5 0.004 29 0 0 0 0
20180507 37 19 0.027 0.029 0.5 0.004 14 2 1 0.142857142857143 0.0714285714285714
20180507 37 19 0.027 0.029 0.5 0.004 5 0 0 0 0
20180507 37 19 0.027 0.029 0.5 0.004 20 0 0 0 0
20180507 37 19 0.027 0.029 0.5 0.004 13 0 0 0 0
20180507 37 19 0.027 0.029 0.5 0.004 21 0 0 0 0
20180507 37 19 0.027 0.029 0.5 0.004 18 0 0 0 0
20180507 37 19 0.027 0.029 0.5 0.004 7 0 0 0 0
20180507 37 19 0.027 0.029 0.5 0.004 8 0 0 0 0
20180507 37 19 0.027 0.029 0.5 0.004 9 0 0 0 0
20180507 37 19 0.027 0.029 0.5 0.004 11 0 0 0 0
20180507 37 19 0.027 0.029 0.5 0.004 10 0 0 0 0
20180507 37 19 0.027 0.029 0.5 0.004 3 0 0 0 0
20180507 37 19 0.027 0.029 0.5 0.004 5 0 0 0 0
20180507 37 19 0.027 0.029 0.5 0.004 6 0 0 0 0
20180507 37 19 0.027 0.029 0.5 0.004 7 0 0 0 0
20180507 37 19 0.027 0.029 0.5 0.004 17 0 0 0 0
20180507 37 19 0.027 0.029 0.5 0.004 12 0 0 0 0
20180507 37 19 0.027 0.029 0.5 0.004 4 0 0 0 0
20180507 37 19 0.027 0.029 0.5 0.004 22 0 0 0 0
20180507 37 19 0.027 0.029 0.5 0.004 18 0 0 0 0
20180507 37 19 0.027 0.029 0.5 0.004 13 0 0 0 0
20180507 37 19 0.027 0.029 0.5 0.004 14 1 3 0.0714285714285714 0.214285714285714
20180507 37 19 0.027 0.029 0.5 0.004 13 0 0 0 0
20180507 37 19 0.027 0.029 0.5 0.004 19 0 0 0 0
20180507 37 19 0.027 0.029 0.5 0.004 15 0 0 0 0
20180507 37 19 0.027 0.029 0.5 0.004 5 0 0 0 0
20180507 37 19 0.027 0.029 0.5 0.004 10 0 0 0 0
20180507 37 19 0.027 0.029 0.5 0.004 7 0 0 0 0
20180507 37 19 0.027 0.029 0.5 0.004 29 1 2 0.0344827586206897 0.0689655172413793
20180507 37 19 0.027 0.029 0.5 0.004 8 0 0 0 0
20180507 37 19 0.027 0.029 0.5 0.004 13 0 0 0 0
20180507 37 19 0.027 0.029 0.5 0.004 19 0 0 0 0
20180507 37 19 0.027 0.029 0.5 0.004 14 0 0 0 0
20180507 37 19 0.027 0.029 0.5 0.004 24 1 1 0.0416666666666667 0.0416666666666667
20180507 37 19 0.027 0.029 0.5 0.004 16 0 0 0 0
20180507 37 19 0.027 0.029 0.5 0.004 18 0 0 0 0
20180507 37 19 0.027 0.029 0.5 0.004 17 0 1 0 0.0588235294117647
