DATE PM10 PM2p5 O3 NO2 CO SO2 TOT_WORD POS_NUM NEG_NUM POS_PRO NEG_PRO
20180506 14 9 0.04 0.015 0.4 0.003 6 0 0 0 0
20180506 14 9 0.04 0.015 0.4 0.003 20 0 0 0 0
20180506 14 9 0.04 0.015 0.4 0.003 20 0 0 0 0
20180506 14 9 0.04 0.015 0.4 0.003 22 1 1 0.0454545454545455 0.0454545454545455
20180506 14 9 0.04 0.015 0.4 0.003 18 0 0 0 0
20180506 14 9 0.04 0.015 0.4 0.003 29 0 0 0 0
20180506 14 9 0.04 0.015 0.4 0.003 28 1 1 0.0357142857142857 0.0357142857142857
20180506 14 9 0.04 0.015 0.4 0.003 31 0 0 0 0
20180506 14 9 0.04 0.015 0.4 0.003 19 0 0 0 0
20180506 14 9 0.04 0.015 0.4 0.003 34 1 0 0.0294117647058824 0
20180506 14 9 0.04 0.015 0.4 0.003 9 0 0 0 0
20180506 14 9 0.04 0.015 0.4 0.003 29 1 1 0.0344827586206897 0.0344827586206897
20180506 14 9 0.04 0.015 0.4 0.003 21 0 0 0 0
20180506 14 9 0.04 0.015 0.4 0.003 12 0 0 0 0
20180506 14 9 0.04 0.015 0.4 0.003 31 2 1 0.0645161290322581 0.032258064516129
20180506 14 9 0.04 0.015 0.4 0.003 25 0 0 0 0
20180506 14 9 0.04 0.015 0.4 0.003 24 0 0 0 0
20180506 14 9 0.04 0.015 0.4 0.003 15 0 0 0 0
20180506 14 9 0.04 0.015 0.4 0.003 32 1 1 0.03125 0.03125
20180506 14 9 0.04 0.015 0.4 0.003 19 0 0 0 0
20180506 14 9 0.04 0.015 0.4 0.003 8 1 0 0.125 0
20180506 14 9 0.04 0.015 0.4 0.003 29 0 1 0 0.0344827586206897
20180506 14 9 0.04 0.015 0.4 0.003 25 0 1 0 0.04
20180506 14 9 0.04 0.015 0.4 0.003 21 0 0 0 0
20180506 14 9 0.04 0.015 0.4 0.003 23 1 0 0.0434782608695652 0
20180506 14 9 0.04 0.015 0.4 0.003 27 1 1 0.037037037037037 0.037037037037037
20180506 14 9 0.04 0.015 0.4 0.003 29 1 1 0.0344827586206897 0.0344827586206897
20180506 14 9 0.04 0.015 0.4 0.003 10 0 0 0 0
20180506 14 9 0.04 0.015 0.4 0.003 14 0 0 0 0
20180506 14 9 0.04 0.015 0.4 0.003 19 1 0 0.0526315789473684 0
20180506 14 9 0.04 0.015 0.4 0.003 27 0 1 0 0.037037037037037
20180506 14 9 0.04 0.015 0.4 0.003 23 0 1 0 0.0434782608695652
20180506 14 9 0.04 0.015 0.4 0.003 20 0 0 0 0
20180506 14 9 0.04 0.015 0.4 0.003 21 1 0 0.0476190476190476 0
20180506 14 9 0.04 0.015 0.4 0.003 20 0 0 0 0
20180506 14 9 0.04 0.015 0.4 0.003 10 0 0 0 0
20180506 14 9 0.04 0.015 0.4 0.003 20 0 0 0 0
20180506 14 9 0.04 0.015 0.4 0.003 11 0 1 0 0.0909090909090909
20180506 14 9 0.04 0.015 0.4 0.003 4 0 0 0 0
20180506 14 9 0.04 0.015 0.4 0.003 4 0 0 0 0
20180506 14 9 0.04 0.015 0.4 0.003 4 0 0 0 0
20180506 14 9 0.04 0.015 0.4 0.003 4 0 0 0 0
20180506 14 9 0.04 0.015 0.4 0.003 4 0 0 0 0
20180506 14 9 0.04 0.015 0.4 0.003 4 0 0 0 0
20180506 14 9 0.04 0.015 0.4 0.003 20 0 0 0 0
