DATE PM10 PM2p5 O3 NO2 CO SO2 TOT_WORD POS_NUM NEG_NUM POS_PRO NEG_PRO
20180501 60 46 0.035 0.024 0.5 0.004 29 0 0 0 0
20180501 60 46 0.035 0.024 0.5 0.004 2 0 0 0 0
20180501 60 46 0.035 0.024 0.5 0.004 12 2 1 0.166666666666667 0.0833333333333333
20180501 60 46 0.035 0.024 0.5 0.004 20 0 0 0 0
20180501 60 46 0.035 0.024 0.5 0.004 23 0 0 0 0
20180501 60 46 0.035 0.024 0.5 0.004 21 0 0 0 0
20180501 60 46 0.035 0.024 0.5 0.004 33 4 2 0.121212121212121 0.0606060606060606
20180501 60 46 0.035 0.024 0.5 0.004 6 0 0 0 0
20180501 60 46 0.035 0.024 0.5 0.004 8 0 1 0 0.125
20180501 60 46 0.035 0.024 0.5 0.004 11 0 0 0 0
20180501 60 46 0.035 0.024 0.5 0.004 18 2 0 0.111111111111111 0
20180501 60 46 0.035 0.024 0.5 0.004 11 0 0 0 0
20180501 60 46 0.035 0.024 0.5 0.004 4 0 0 0 0
20180501 60 46 0.035 0.024 0.5 0.004 5 0 0 0 0
20180501 60 46 0.035 0.024 0.5 0.004 16 0 0 0 0
20180501 60 46 0.035 0.024 0.5 0.004 15 0 0 0 0
20180501 60 46 0.035 0.024 0.5 0.004 10 0 0 0 0
20180501 60 46 0.035 0.024 0.5 0.004 21 0 0 0 0
20180501 60 46 0.035 0.024 0.5 0.004 12 0 0 0 0
20180501 60 46 0.035 0.024 0.5 0.004 5 0 0 0 0
20180501 60 46 0.035 0.024 0.5 0.004 15 0 0 0 0
20180501 60 46 0.035 0.024 0.5 0.004 25 1 2 0.04 0.08
20180501 60 46 0.035 0.024 0.5 0.004 29 3 0 0.103448275862069 0
20180501 60 46 0.035 0.024 0.5 0.004 9 1 0 0.111111111111111 0
20180501 60 46 0.035 0.024 0.5 0.004 20 0 0 0 0
20180501 60 46 0.035 0.024 0.5 0.004 21 0 0 0 0
20180501 60 46 0.035 0.024 0.5 0.004 19 0 0 0 0
20180501 60 46 0.035 0.024 0.5 0.004 27 0 1 0 0.037037037037037
20180501 60 46 0.035 0.024 0.5 0.004 31 0 0 0 0
20180501 60 46 0.035 0.024 0.5 0.004 20 0 0 0 0
20180501 60 46 0.035 0.024 0.5 0.004 13 0 0 0 0
20180501 60 46 0.035 0.024 0.5 0.004 12 1 0 0.0833333333333333 0
20180501 60 46 0.035 0.024 0.5 0.004 2 0 0 0 0
20180501 60 46 0.035 0.024 0.5 0.004 13 3 0 0.230769230769231 0
20180501 60 46 0.035 0.024 0.5 0.004 5 1 0 0.2 0
20180501 60 46 0.035 0.024 0.5 0.004 11 1 0 0.0909090909090909 0
20180501 60 46 0.035 0.024 0.5 0.004 8 0 1 0 0.125
20180501 60 46 0.035 0.024 0.5 0.004 12 1 0 0.0833333333333333 0
20180501 60 46 0.035 0.024 0.5 0.004 14 1 0 0.0714285714285714 0
20180501 60 46 0.035 0.024 0.5 0.004 13 1 0 0.0769230769230769 0
20180501 60 46 0.035 0.024 0.5 0.004 12 1 0 0.0833333333333333 0
20180501 60 46 0.035 0.024 0.5 0.004 11 0 0 0 0
20180501 60 46 0.035 0.024 0.5 0.004 13 1 0 0.0769230769230769 0
20180501 60 46 0.035 0.024 0.5 0.004 12 1 0 0.0833333333333333 0
20180501 60 46 0.035 0.024 0.5 0.004 12 0 0 0 0
20180501 60 46 0.035 0.024 0.5 0.004 12 0 0 0 0
20180501 60 46 0.035 0.024 0.5 0.004 20 0 0 0 0
20180501 60 46 0.035 0.024 0.5 0.004 9 0 1 0 0.111111111111111
20180501 60 46 0.035 0.024 0.5 0.004 9 2 0 0.222222222222222 0
20180501 60 46 0.035 0.024 0.5 0.004 9 0 0 0 0
20180501 60 46 0.035 0.024 0.5 0.004 22 0 0 0 0
20180501 60 46 0.035 0.024 0.5 0.004 6 0 0 0 0
20180501 60 46 0.035 0.024 0.5 0.004 20 1 0 0.05 0
20180501 60 46 0.035 0.024 0.5 0.004 9 0 1 0 0.111111111111111
20180501 60 46 0.035 0.024 0.5 0.004 17 1 0 0.0588235294117647 0
20180501 60 46 0.035 0.024 0.5 0.004 6 1 0 0.166666666666667 0
20180501 60 46 0.035 0.024 0.5 0.004 8 1 0 0.125 0
20180501 60 46 0.035 0.024 0.5 0.004 12 1 1 0.0833333333333333 0.0833333333333333
20180501 60 46 0.035 0.024 0.5 0.004 6 0 0 0 0
20180501 60 46 0.035 0.024 0.5 0.004 12 0 0 0 0
20180501 60 46 0.035 0.024 0.5 0.004 6 0 0 0 0
20180501 60 46 0.035 0.024 0.5 0.004 28 0 0 0 0
20180501 60 46 0.035 0.024 0.5 0.004 14 0 0 0 0
20180501 60 46 0.035 0.024 0.5 0.004 17 0 0 0 0
20180501 60 46 0.035 0.024 0.5 0.004 20 0 0 0 0
20180501 60 46 0.035 0.024 0.5 0.004 7 0 0 0 0
20180501 60 46 0.035 0.024 0.5 0.004 11 0 0 0 0
20180501 60 46 0.035 0.024 0.5 0.004 22 2 2 0.0909090909090909 0.0909090909090909
20180501 60 46 0.035 0.024 0.5 0.004 18 0 0 0 0
20180501 60 46 0.035 0.024 0.5 0.004 11 1 0 0.0909090909090909 0
20180501 60 46 0.035 0.024 0.5 0.004 12 0 0 0 0
20180501 60 46 0.035 0.024 0.5 0.004 8 0 0 0 0
20180501 60 46 0.035 0.024 0.5 0.004 21 2 0 0.0952380952380952 0
20180501 60 46 0.035 0.024 0.5 0.004 2 1 0 0.5 0
20180501 60 46 0.035 0.024 0.5 0.004 29 1 1 0.0344827586206897 0.0344827586206897
20180501 60 46 0.035 0.024 0.5 0.004 5 1 0 0.2 0
20180501 60 46 0.035 0.024 0.5 0.004 25 1 0 0.04 0
20180501 60 46 0.035 0.024 0.5 0.004 21 0 0 0 0
20180501 60 46 0.035 0.024 0.5 0.004 10 1 0 0.1 0
20180501 60 46 0.035 0.024 0.5 0.004 30 1 2 0.0333333333333333 0.0666666666666667
20180501 60 46 0.035 0.024 0.5 0.004 7 2 0 0.285714285714286 0
20180501 60 46 0.035 0.024 0.5 0.004 8 0 0 0 0
20180501 60 46 0.035 0.024 0.5 0.004 12 0 0 0 0
20180501 60 46 0.035 0.024 0.5 0.004 10 0 0 0 0
20180501 60 46 0.035 0.024 0.5 0.004 13 0 0 0 0
20180501 60 46 0.035 0.024 0.5 0.004 6 0 0 0 0
20180501 60 46 0.035 0.024 0.5 0.004 16 0 0 0 0
20180501 60 46 0.035 0.024 0.5 0.004 4 0 0 0 0
20180501 60 46 0.035 0.024 0.5 0.004 6 1 0 0.166666666666667 0
20180501 60 46 0.035 0.024 0.5 0.004 7 0 0 0 0
20180501 60 46 0.035 0.024 0.5 0.004 7 0 0 0 0
20180501 60 46 0.035 0.024 0.5 0.004 29 2 1 0.0689655172413793 0.0344827586206897
20180501 60 46 0.035 0.024 0.5 0.004 5 1 0 0.2 0
20180501 60 46 0.035 0.024 0.5 0.004 7 1 0 0.142857142857143 0
20180501 60 46 0.035 0.024 0.5 0.004 31 2 0 0.0645161290322581 0
20180501 60 46 0.035 0.024 0.5 0.004 15 0 0 0 0
20180501 60 46 0.035 0.024 0.5 0.004 18 0 0 0 0
20180501 60 46 0.035 0.024 0.5 0.004 6 1 0 0.166666666666667 0
20180501 60 46 0.035 0.024 0.5 0.004 10 1 1 0.1 0.1
20180501 60 46 0.035 0.024 0.5 0.004 1 0 0 0 0
20180501 60 46 0.035 0.024 0.5 0.004 5 0 0 0 0
20180501 60 46 0.035 0.024 0.5 0.004 27 0 0 0 0
20180501 60 46 0.035 0.024 0.5 0.004 8 0 0 0 0
20180501 60 46 0.035 0.024 0.5 0.004 3 0 0 0 0
20180501 60 46 0.035 0.024 0.5 0.004 25 0 0 0 0
20180501 60 46 0.035 0.024 0.5 0.004 7 0 0 0 0
20180501 60 46 0.035 0.024 0.5 0.004 6 0 0 0 0
20180501 60 46 0.035 0.024 0.5 0.004 4 0 0 0 0
20180501 60 46 0.035 0.024 0.5 0.004 5 0 0 0 0
20180501 60 46 0.035 0.024 0.5 0.004 27 0 0 0 0
20180501 60 46 0.035 0.024 0.5 0.004 15 0 0 0 0
20180501 60 46 0.035 0.024 0.5 0.004 15 0 0 0 0
20180501 60 46 0.035 0.024 0.5 0.004 18 0 0 0 0
20180501 60 46 0.035 0.024 0.5 0.004 13 2 1 0.153846153846154 0.0769230769230769
20180501 60 46 0.035 0.024 0.5 0.004 4 0 0 0 0
20180501 60 46 0.035 0.024 0.5 0.004 1 0 0 0 0
20180501 60 46 0.035 0.024 0.5 0.004 1 0 0 0 0
20180501 60 46 0.035 0.024 0.5 0.004 10 0 0 0 0
20180501 60 46 0.035 0.024 0.5 0.004 7 0 1 0 0.142857142857143
20180501 60 46 0.035 0.024 0.5 0.004 27 0 0 0 0
20180501 60 46 0.035 0.024 0.5 0.004 11 1 0 0.0909090909090909 0
20180501 60 46 0.035 0.024 0.5 0.004 14 0 0 0 0
20180501 60 46 0.035 0.024 0.5 0.004 14 1 2 0.0714285714285714 0.142857142857143
20180501 60 46 0.035 0.024 0.5 0.004 9 0 0 0 0
20180501 60 46 0.035 0.024 0.5 0.004 17 1 0 0.0588235294117647 0
20180501 60 46 0.035 0.024 0.5 0.004 13 0 0 0 0
20180501 60 46 0.035 0.024 0.5 0.004 5 0 0 0 0
20180501 60 46 0.035 0.024 0.5 0.004 10 0 0 0 0
20180501 60 46 0.035 0.024 0.5 0.004 23 1 1 0.0434782608695652 0.0434782608695652
20180501 60 46 0.035 0.024 0.5 0.004 5 0 0 0 0
20180501 60 46 0.035 0.024 0.5 0.004 17 1 1 0.0588235294117647 0.0588235294117647
20180501 60 46 0.035 0.024 0.5 0.004 6 0 0 0 0
20180501 60 46 0.035 0.024 0.5 0.004 5 0 0 0 0
20180501 60 46 0.035 0.024 0.5 0.004 19 1 0 0.0526315789473684 0
20180501 60 46 0.035 0.024 0.5 0.004 3 0 0 0 0
20180501 60 46 0.035 0.024 0.5 0.004 18 0 0 0 0
20180501 60 46 0.035 0.024 0.5 0.004 21 2 2 0.0952380952380952 0.0952380952380952
20180501 60 46 0.035 0.024 0.5 0.004 6 0 0 0 0
20180501 60 46 0.035 0.024 0.5 0.004 2 0 0 0 0
20180501 60 46 0.035 0.024 0.5 0.004 4 0 0 0 0
20180501 60 46 0.035 0.024 0.5 0.004 14 0 0 0 0
20180501 60 46 0.035 0.024 0.5 0.004 29 1 2 0.0344827586206897 0.0689655172413793
20180501 60 46 0.035 0.024 0.5 0.004 28 0 0 0 0
20180501 60 46 0.035 0.024 0.5 0.004 7 0 0 0 0
20180501 60 46 0.035 0.024 0.5 0.004 4 0 0 0 0
20180501 60 46 0.035 0.024 0.5 0.004 13 0 0 0 0
20180501 60 46 0.035 0.024 0.5 0.004 27 0 0 0 0
20180501 60 46 0.035 0.024 0.5 0.004 20 0 0 0 0
20180501 60 46 0.035 0.024 0.5 0.004 5 0 0 0 0
20180501 60 46 0.035 0.024 0.5 0.004 29 0 0 0 0
20180501 60 46 0.035 0.024 0.5 0.004 9 0 0 0 0
20180501 60 46 0.035 0.024 0.5 0.004 11 0 0 0 0
20180501 60 46 0.035 0.024 0.5 0.004 9 0 0 0 0
20180501 60 46 0.035 0.024 0.5 0.004 29 2 0 0.0689655172413793 0
20180501 60 46 0.035 0.024 0.5 0.004 22 0 0 0 0
20180501 60 46 0.035 0.024 0.5 0.004 4 0 0 0 0
20180501 60 46 0.035 0.024 0.5 0.004 29 0 1 0 0.0344827586206897
20180501 60 46 0.035 0.024 0.5 0.004 25 0 0 0 0
20180501 60 46 0.035 0.024 0.5 0.004 18 0 0 0 0
20180501 60 46 0.035 0.024 0.5 0.004 7 1 0 0.142857142857143 0
20180501 60 46 0.035 0.024 0.5 0.004 15 0 0 0 0
20180501 60 46 0.035 0.024 0.5 0.004 3 0 0 0 0
20180501 60 46 0.035 0.024 0.5 0.004 5 0 0 0 0
20180501 60 46 0.035 0.024 0.5 0.004 27 1 1 0.037037037037037 0.037037037037037
20180501 60 46 0.035 0.024 0.5 0.004 5 1 0 0.2 0
20180501 60 46 0.035 0.024 0.5 0.004 3 0 0 0 0
20180501 60 46 0.035 0.024 0.5 0.004 19 1 0 0.0526315789473684 0
20180501 60 46 0.035 0.024 0.5 0.004 3 0 0 0 0
20180501 60 46 0.035 0.024 0.5 0.004 7 0 0 0 0
20180501 60 46 0.035 0.024 0.5 0.004 6 0 0 0 0
20180501 60 46 0.035 0.024 0.5 0.004 27 3 1 0.111111111111111 0.037037037037037
20180501 60 46 0.035 0.024 0.5 0.004 7 0 0 0 0
20180501 60 46 0.035 0.024 0.5 0.004 2 1 0 0.5 0
20180501 60 46 0.035 0.024 0.5 0.004 30 2 1 0.0666666666666667 0.0333333333333333
20180501 60 46 0.035 0.024 0.5 0.004 9 0 1 0 0.111111111111111
20180501 60 46 0.035 0.024 0.5 0.004 4 1 0 0.25 0
20180501 60 46 0.035 0.024 0.5 0.004 8 0 0 0 0
20180501 60 46 0.035 0.024 0.5 0.004 4 1 0 0.25 0
20180501 60 46 0.035 0.024 0.5 0.004 20 0 0 0 0
20180501 60 46 0.035 0.024 0.5 0.004 6 0 0 0 0
20180501 60 46 0.035 0.024 0.5 0.004 13 0 0 0 0
20180501 60 46 0.035 0.024 0.5 0.004 3 0 0 0 0
20180501 60 46 0.035 0.024 0.5 0.004 33 0 0 0 0
20180501 60 46 0.035 0.024 0.5 0.004 7 0 0 0 0
20180501 60 46 0.035 0.024 0.5 0.004 4 0 0 0 0
20180501 60 46 0.035 0.024 0.5 0.004 9 0 0 0 0
20180501 60 46 0.035 0.024 0.5 0.004 9 0 0 0 0
20180501 60 46 0.035 0.024 0.5 0.004 13 0 0 0 0
20180501 60 46 0.035 0.024 0.5 0.004 18 1 1 0.0555555555555556 0.0555555555555556
20180501 60 46 0.035 0.024 0.5 0.004 12 0 0 0 0
20180501 60 46 0.035 0.024 0.5 0.004 8 1 0 0.125 0
20180501 60 46 0.035 0.024 0.5 0.004 5 0 0 0 0
20180501 60 46 0.035 0.024 0.5 0.004 13 2 0 0.153846153846154 0
20180501 60 46 0.035 0.024 0.5 0.004 13 0 0 0 0
20180501 60 46 0.035 0.024 0.5 0.004 16 0 0 0 0
20180501 60 46 0.035 0.024 0.5 0.004 3 0 0 0 0
20180501 60 46 0.035 0.024 0.5 0.004 27 0 0 0 0
20180501 60 46 0.035 0.024 0.5 0.004 4 0 0 0 0
20180501 60 46 0.035 0.024 0.5 0.004 4 0 0 0 0
20180501 60 46 0.035 0.024 0.5 0.004 7 0 0 0 0
20180501 60 46 0.035 0.024 0.5 0.004 6 0 0 0 0
20180501 60 46 0.035 0.024 0.5 0.004 7 0 0 0 0
20180501 60 46 0.035 0.024 0.5 0.004 22 0 1 0 0.0454545454545455
20180501 60 46 0.035 0.024 0.5 0.004 11 2 1 0.181818181818182 0.0909090909090909
20180501 60 46 0.035 0.024 0.5 0.004 3 0 0 0 0
20180501 60 46 0.035 0.024 0.5 0.004 7 0 0 0 0
20180501 60 46 0.035 0.024 0.5 0.004 21 1 0 0.0476190476190476 0
20180501 60 46 0.035 0.024 0.5 0.004 16 0 0 0 0
20180501 60 46 0.035 0.024 0.5 0.004 16 0 0 0 0
20180501 60 46 0.035 0.024 0.5 0.004 5 0 0 0 0
20180501 60 46 0.035 0.024 0.5 0.004 6 1 0 0.166666666666667 0
20180501 60 46 0.035 0.024 0.5 0.004 5 0 0 0 0
20180501 60 46 0.035 0.024 0.5 0.004 22 0 2 0 0.0909090909090909
20180501 60 46 0.035 0.024 0.5 0.004 4 0 0 0 0
20180501 60 46 0.035 0.024 0.5 0.004 17 0 0 0 0
20180501 60 46 0.035 0.024 0.5 0.004 27 2 1 0.0740740740740741 0.037037037037037
20180501 60 46 0.035 0.024 0.5 0.004 31 2 1 0.0645161290322581 0.032258064516129
20180501 60 46 0.035 0.024 0.5 0.004 5 0 0 0 0
20180501 60 46 0.035 0.024 0.5 0.004 5 0 0 0 0
20180501 60 46 0.035 0.024 0.5 0.004 19 0 0 0 0
20180501 60 46 0.035 0.024 0.5 0.004 17 2 1 0.117647058823529 0.0588235294117647
20180501 60 46 0.035 0.024 0.5 0.004 24 1 0 0.0416666666666667 0
20180501 60 46 0.035 0.024 0.5 0.004 3 0 0 0 0
20180501 60 46 0.035 0.024 0.5 0.004 12 0 0 0 0
20180501 60 46 0.035 0.024 0.5 0.004 28 1 0 0.0357142857142857 0
20180501 60 46 0.035 0.024 0.5 0.004 25 0 0 0 0
20180501 60 46 0.035 0.024 0.5 0.004 19 0 0 0 0
20180501 60 46 0.035 0.024 0.5 0.004 4 1 0 0.25 0
20180501 60 46 0.035 0.024 0.5 0.004 6 0 0 0 0
20180501 60 46 0.035 0.024 0.5 0.004 13 0 0 0 0
20180501 60 46 0.035 0.024 0.5 0.004 11 0 0 0 0
20180501 60 46 0.035 0.024 0.5 0.004 8 0 0 0 0
20180501 60 46 0.035 0.024 0.5 0.004 4 0 0 0 0
20180501 60 46 0.035 0.024 0.5 0.004 13 1 0 0.0769230769230769 0
20180501 60 46 0.035 0.024 0.5 0.004 23 0 0 0 0
20180501 60 46 0.035 0.024 0.5 0.004 9 1 0 0.111111111111111 0
20180501 60 46 0.035 0.024 0.5 0.004 7 0 0 0 0
20180501 60 46 0.035 0.024 0.5 0.004 7 1 0 0.142857142857143 0
20180501 60 46 0.035 0.024 0.5 0.004 4 1 0 0.25 0
20180501 60 46 0.035 0.024 0.5 0.004 12 0 0 0 0
20180501 60 46 0.035 0.024 0.5 0.004 11 0 0 0 0
20180501 60 46 0.035 0.024 0.5 0.004 2 0 0 0 0
20180501 60 46 0.035 0.024 0.5 0.004 5 0 0 0 0
20180501 60 46 0.035 0.024 0.5 0.004 23 2 0 0.0869565217391304 0
20180501 60 46 0.035 0.024 0.5 0.004 5 1 0 0.2 0
20180501 60 46 0.035 0.024 0.5 0.004 6 0 0 0 0
20180501 60 46 0.035 0.024 0.5 0.004 7 0 0 0 0
20180501 60 46 0.035 0.024 0.5 0.004 9 0 0 0 0
20180501 60 46 0.035 0.024 0.5 0.004 8 0 1 0 0.125
20180501 60 46 0.035 0.024 0.5 0.004 32 0 0 0 0
20180501 60 46 0.035 0.024 0.5 0.004 26 1 1 0.0384615384615385 0.0384615384615385
20180501 60 46 0.035 0.024 0.5 0.004 28 0 0 0 0
20180501 60 46 0.035 0.024 0.5 0.004 5 1 0 0.2 0
20180501 60 46 0.035 0.024 0.5 0.004 7 0 0 0 0
20180501 60 46 0.035 0.024 0.5 0.004 11 0 0 0 0
20180501 60 46 0.035 0.024 0.5 0.004 9 0 0 0 0
20180501 60 46 0.035 0.024 0.5 0.004 4 0 0 0 0
20180501 60 46 0.035 0.024 0.5 0.004 30 0 0 0 0
20180501 60 46 0.035 0.024 0.5 0.004 10 2 0 0.2 0
20180501 60 46 0.035 0.024 0.5 0.004 34 3 1 0.0882352941176471 0.0294117647058824
20180501 60 46 0.035 0.024 0.5 0.004 15 0 0 0 0
20180501 60 46 0.035 0.024 0.5 0.004 22 1 0 0.0454545454545455 0
20180501 60 46 0.035 0.024 0.5 0.004 13 1 0 0.0769230769230769 0
20180501 60 46 0.035 0.024 0.5 0.004 5 0 0 0 0
20180501 60 46 0.035 0.024 0.5 0.004 16 0 0 0 0
20180501 60 46 0.035 0.024 0.5 0.004 7 0 0 0 0
20180501 60 46 0.035 0.024 0.5 0.004 23 0 0 0 0
20180501 60 46 0.035 0.024 0.5 0.004 8 0 0 0 0
20180501 60 46 0.035 0.024 0.5 0.004 13 1 0 0.0769230769230769 0
20180501 60 46 0.035 0.024 0.5 0.004 6 0 0 0 0
20180501 60 46 0.035 0.024 0.5 0.004 13 0 0 0 0
20180501 60 46 0.035 0.024 0.5 0.004 30 0 0 0 0
20180501 60 46 0.035 0.024 0.5 0.004 5 0 0 0 0
20180501 60 46 0.035 0.024 0.5 0.004 14 0 0 0 0
20180501 60 46 0.035 0.024 0.5 0.004 17 0 0 0 0
20180501 60 46 0.035 0.024 0.5 0.004 20 0 0 0 0
20180501 60 46 0.035 0.024 0.5 0.004 9 1 1 0.111111111111111 0.111111111111111
20180501 60 46 0.035 0.024 0.5 0.004 16 0 0 0 0
20180501 60 46 0.035 0.024 0.5 0.004 41 0 0 0 0
20180501 60 46 0.035 0.024 0.5 0.004 8 1 0 0.125 0
20180501 60 46 0.035 0.024 0.5 0.004 13 0 0 0 0
20180501 60 46 0.035 0.024 0.5 0.004 12 2 1 0.166666666666667 0.0833333333333333
20180501 60 46 0.035 0.024 0.5 0.004 4 0 0 0 0
20180501 60 46 0.035 0.024 0.5 0.004 5 0 0 0 0
20180501 60 46 0.035 0.024 0.5 0.004 16 1 0 0.0625 0
20180501 60 46 0.035 0.024 0.5 0.004 20 0 0 0 0
20180501 60 46 0.035 0.024 0.5 0.004 6 0 1 0 0.166666666666667
20180501 60 46 0.035 0.024 0.5 0.004 6 0 0 0 0
20180501 60 46 0.035 0.024 0.5 0.004 6 0 0 0 0
20180501 60 46 0.035 0.024 0.5 0.004 27 0 0 0 0
20180501 60 46 0.035 0.024 0.5 0.004 6 0 0 0 0
20180501 60 46 0.035 0.024 0.5 0.004 38 2 0 0.0526315789473684 0
20180501 60 46 0.035 0.024 0.5 0.004 12 1 1 0.0833333333333333 0.0833333333333333
20180501 60 46 0.035 0.024 0.5 0.004 13 1 1 0.0769230769230769 0.0769230769230769
20180501 60 46 0.035 0.024 0.5 0.004 16 0 0 0 0
20180501 60 46 0.035 0.024 0.5 0.004 20 1 0 0.05 0
20180501 60 46 0.035 0.024 0.5 0.004 26 1 0 0.0384615384615385 0
20180501 60 46 0.035 0.024 0.5 0.004 10 0 0 0 0
20180501 60 46 0.035 0.024 0.5 0.004 10 0 0 0 0
20180501 60 46 0.035 0.024 0.5 0.004 3 0 0 0 0
20180501 60 46 0.035 0.024 0.5 0.004 6 0 0 0 0
20180501 60 46 0.035 0.024 0.5 0.004 11 0 0 0 0
20180501 60 46 0.035 0.024 0.5 0.004 4 0 0 0 0
20180501 60 46 0.035 0.024 0.5 0.004 15 0 0 0 0
20180501 60 46 0.035 0.024 0.5 0.004 9 1 0 0.111111111111111 0
20180501 60 46 0.035 0.024 0.5 0.004 9 0 0 0 0
20180501 60 46 0.035 0.024 0.5 0.004 3 0 0 0 0
20180501 60 46 0.035 0.024 0.5 0.004 12 1 0 0.0833333333333333 0
20180501 60 46 0.035 0.024 0.5 0.004 26 0 0 0 0
20180501 60 46 0.035 0.024 0.5 0.004 16 1 0 0.0625 0
20180501 60 46 0.035 0.024 0.5 0.004 15 0 0 0 0
20180501 60 46 0.035 0.024 0.5 0.004 14 0 0 0 0
20180501 60 46 0.035 0.024 0.5 0.004 8 0 1 0 0.125
20180501 60 46 0.035 0.024 0.5 0.004 3 0 0 0 0
20180501 60 46 0.035 0.024 0.5 0.004 27 0 0 0 0
20180501 60 46 0.035 0.024 0.5 0.004 2 0 0 0 0
20180501 60 46 0.035 0.024 0.5 0.004 7 0 0 0 0
20180501 60 46 0.035 0.024 0.5 0.004 14 1 0 0.0714285714285714 0
20180501 60 46 0.035 0.024 0.5 0.004 8 0 0 0 0
20180501 60 46 0.035 0.024 0.5 0.004 9 1 0 0.111111111111111 0
20180501 60 46 0.035 0.024 0.5 0.004 9 0 1 0 0.111111111111111
20180501 60 46 0.035 0.024 0.5 0.004 18 0 1 0 0.0555555555555556
20180501 60 46 0.035 0.024 0.5 0.004 13 0 0 0 0
20180501 60 46 0.035 0.024 0.5 0.004 10 0 0 0 0
20180501 60 46 0.035 0.024 0.5 0.004 10 1 0 0.1 0
20180501 60 46 0.035 0.024 0.5 0.004 13 1 0 0.0769230769230769 0
20180501 60 46 0.035 0.024 0.5 0.004 20 2 1 0.1 0.05
20180501 60 46 0.035 0.024 0.5 0.004 16 0 0 0 0
20180501 60 46 0.035 0.024 0.5 0.004 17 0 0 0 0
20180501 60 46 0.035 0.024 0.5 0.004 11 0 0 0 0
20180501 60 46 0.035 0.024 0.5 0.004 7 1 0 0.142857142857143 0
20180501 60 46 0.035 0.024 0.5 0.004 32 0 0 0 0
20180501 60 46 0.035 0.024 0.5 0.004 7 0 0 0 0
20180501 60 46 0.035 0.024 0.5 0.004 9 0 0 0 0
20180501 60 46 0.035 0.024 0.5 0.004 8 0 0 0 0
20180501 60 46 0.035 0.024 0.5 0.004 15 0 0 0 0
20180501 60 46 0.035 0.024 0.5 0.004 23 0 0 0 0
20180501 60 46 0.035 0.024 0.5 0.004 8 0 0 0 0
20180501 60 46 0.035 0.024 0.5 0.004 5 0 0 0 0
20180501 60 46 0.035 0.024 0.5 0.004 11 0 0 0 0
20180501 60 46 0.035 0.024 0.5 0.004 18 0 0 0 0
20180501 60 46 0.035 0.024 0.5 0.004 13 0 0 0 0
20180501 60 46 0.035 0.024 0.5 0.004 3 0 0 0 0
20180501 60 46 0.035 0.024 0.5 0.004 6 0 0 0 0
20180501 60 46 0.035 0.024 0.5 0.004 7 0 0 0 0
20180501 60 46 0.035 0.024 0.5 0.004 20 0 1 0 0.05
20180501 60 46 0.035 0.024 0.5 0.004 7 0 0 0 0
20180501 60 46 0.035 0.024 0.5 0.004 21 0 0 0 0
20180501 60 46 0.035 0.024 0.5 0.004 4 1 0 0.25 0
20180501 60 46 0.035 0.024 0.5 0.004 5 0 0 0 0
20180501 60 46 0.035 0.024 0.5 0.004 4 0 0 0 0
