DATE PM10 PM2p5 O3 NO2 CO SO2 TOT_WORD POS_NUM NEG_NUM POS_PRO NEG_PRO
20180504 44 17 0.044 0.022 0.4 0.004 25 0 0 0 0
20180504 44 17 0.044 0.022 0.4 0.004 11 1 0 0.0909090909090909 0
20180504 44 17 0.044 0.022 0.4 0.004 30 0 0 0 0
20180504 44 17 0.044 0.022 0.4 0.004 18 0 0 0 0
20180504 44 17 0.044 0.022 0.4 0.004 28 0 2 0 0.0714285714285714
20180504 44 17 0.044 0.022 0.4 0.004 6 1 0 0.166666666666667 0
20180504 44 17 0.044 0.022 0.4 0.004 2 0 0 0 0
20180504 44 17 0.044 0.022 0.4 0.004 23 2 0 0.0869565217391304 0
20180504 44 17 0.044 0.022 0.4 0.004 10 0 0 0 0
20180504 44 17 0.044 0.022 0.4 0.004 12 1 1 0.0833333333333333 0.0833333333333333
20180504 44 17 0.044 0.022 0.4 0.004 11 0 0 0 0
20180504 44 17 0.044 0.022 0.4 0.004 4 1 0 0.25 0
20180504 44 17 0.044 0.022 0.4 0.004 33 5 2 0.151515151515152 0.0606060606060606
20180504 44 17 0.044 0.022 0.4 0.004 8 0 0 0 0
20180504 44 17 0.044 0.022 0.4 0.004 28 0 0 0 0
20180504 44 17 0.044 0.022 0.4 0.004 13 2 1 0.153846153846154 0.0769230769230769
20180504 44 17 0.044 0.022 0.4 0.004 5 0 0 0 0
20180504 44 17 0.044 0.022 0.4 0.004 11 0 1 0 0.0909090909090909
20180504 44 17 0.044 0.022 0.4 0.004 8 0 1 0 0.125
20180504 44 17 0.044 0.022 0.4 0.004 24 0 0 0 0
20180504 44 17 0.044 0.022 0.4 0.004 19 0 0 0 0
20180504 44 17 0.044 0.022 0.4 0.004 17 0 0 0 0
20180504 44 17 0.044 0.022 0.4 0.004 15 0 0 0 0
20180504 44 17 0.044 0.022 0.4 0.004 18 0 1 0 0.0555555555555556
20180504 44 17 0.044 0.022 0.4 0.004 7 0 0 0 0
20180504 44 17 0.044 0.022 0.4 0.004 26 0 0 0 0
20180504 44 17 0.044 0.022 0.4 0.004 14 1 1 0.0714285714285714 0.0714285714285714
20180504 44 17 0.044 0.022 0.4 0.004 6 0 0 0 0
20180504 44 17 0.044 0.022 0.4 0.004 26 0 0 0 0
20180504 44 17 0.044 0.022 0.4 0.004 5 0 0 0 0
20180504 44 17 0.044 0.022 0.4 0.004 16 0 0 0 0
20180504 44 17 0.044 0.022 0.4 0.004 14 0 0 0 0
20180504 44 17 0.044 0.022 0.4 0.004 10 0 0 0 0
20180504 44 17 0.044 0.022 0.4 0.004 23 1 0 0.0434782608695652 0
20180504 44 17 0.044 0.022 0.4 0.004 5 0 0 0 0
20180504 44 17 0.044 0.022 0.4 0.004 18 1 0 0.0555555555555556 0
20180504 44 17 0.044 0.022 0.4 0.004 16 0 0 0 0
20180504 44 17 0.044 0.022 0.4 0.004 24 0 0 0 0
20180504 44 17 0.044 0.022 0.4 0.004 6 0 0 0 0
20180504 44 17 0.044 0.022 0.4 0.004 28 0 0 0 0
20180504 44 17 0.044 0.022 0.4 0.004 8 0 1 0 0.125
20180504 44 17 0.044 0.022 0.4 0.004 16 0 1 0 0.0625
20180504 44 17 0.044 0.022 0.4 0.004 9 0 0 0 0
20180504 44 17 0.044 0.022 0.4 0.004 8 0 0 0 0
20180504 44 17 0.044 0.022 0.4 0.004 18 0 0 0 0
20180504 44 17 0.044 0.022 0.4 0.004 14 0 0 0 0
20180504 44 17 0.044 0.022 0.4 0.004 21 0 0 0 0
20180504 44 17 0.044 0.022 0.4 0.004 24 0 0 0 0
20180504 44 17 0.044 0.022 0.4 0.004 22 1 0 0.0454545454545455 0
20180504 44 17 0.044 0.022 0.4 0.004 8 0 0 0 0
20180504 44 17 0.044 0.022 0.4 0.004 6 0 0 0 0
20180504 44 17 0.044 0.022 0.4 0.004 14 0 0 0 0
20180504 44 17 0.044 0.022 0.4 0.004 9 0 1 0 0.111111111111111
20180504 44 17 0.044 0.022 0.4 0.004 25 0 0 0 0
20180504 44 17 0.044 0.022 0.4 0.004 24 0 0 0 0
20180504 44 17 0.044 0.022 0.4 0.004 24 0 1 0 0.0416666666666667
20180504 44 17 0.044 0.022 0.4 0.004 5 1 0 0.2 0
20180504 44 17 0.044 0.022 0.4 0.004 24 0 1 0 0.0416666666666667
20180504 44 17 0.044 0.022 0.4 0.004 1 1 0 1 0
20180504 44 17 0.044 0.022 0.4 0.004 24 0 0 0 0
20180504 44 17 0.044 0.022 0.4 0.004 8 0 0 0 0
20180504 44 17 0.044 0.022 0.4 0.004 10 0 0 0 0
20180504 44 17 0.044 0.022 0.4 0.004 19 0 0 0 0
20180504 44 17 0.044 0.022 0.4 0.004 2 1 0 0.5 0
20180504 44 17 0.044 0.022 0.4 0.004 22 1 0 0.0454545454545455 0
20180504 44 17 0.044 0.022 0.4 0.004 21 0 0 0 0
20180504 44 17 0.044 0.022 0.4 0.004 4 0 0 0 0
20180504 44 17 0.044 0.022 0.4 0.004 25 1 1 0.04 0.04
20180504 44 17 0.044 0.022 0.4 0.004 8 0 0 0 0
20180504 44 17 0.044 0.022 0.4 0.004 19 0 0 0 0
20180504 44 17 0.044 0.022 0.4 0.004 24 0 1 0 0.0416666666666667
20180504 44 17 0.044 0.022 0.4 0.004 18 0 0 0 0
20180504 44 17 0.044 0.022 0.4 0.004 12 0 0 0 0
20180504 44 17 0.044 0.022 0.4 0.004 24 0 1 0 0.0416666666666667
20180504 44 17 0.044 0.022 0.4 0.004 25 0 0 0 0
20180504 44 17 0.044 0.022 0.4 0.004 22 0 0 0 0
20180504 44 17 0.044 0.022 0.4 0.004 35 1 0 0.0285714285714286 0
20180504 44 17 0.044 0.022 0.4 0.004 4 0 0 0 0
20180504 44 17 0.044 0.022 0.4 0.004 13 0 0 0 0
20180504 44 17 0.044 0.022 0.4 0.004 10 2 0 0.2 0
20180504 44 17 0.044 0.022 0.4 0.004 5 0 0 0 0
20180504 44 17 0.044 0.022 0.4 0.004 10 0 0 0 0
20180504 44 17 0.044 0.022 0.4 0.004 11 0 0 0 0
20180504 44 17 0.044 0.022 0.4 0.004 9 0 0 0 0
20180504 44 17 0.044 0.022 0.4 0.004 8 0 0 0 0
20180504 44 17 0.044 0.022 0.4 0.004 3 0 0 0 0
20180504 44 17 0.044 0.022 0.4 0.004 16 0 1 0 0.0625
20180504 44 17 0.044 0.022 0.4 0.004 25 0 0 0 0
20180504 44 17 0.044 0.022 0.4 0.004 20 0 0 0 0
20180504 44 17 0.044 0.022 0.4 0.004 18 0 0 0 0
20180504 44 17 0.044 0.022 0.4 0.004 4 0 0 0 0
20180504 44 17 0.044 0.022 0.4 0.004 23 0 0 0 0
20180504 44 17 0.044 0.022 0.4 0.004 9 0 0 0 0
20180504 44 17 0.044 0.022 0.4 0.004 10 2 0 0.2 0
20180504 44 17 0.044 0.022 0.4 0.004 14 1 1 0.0714285714285714 0.0714285714285714
20180504 44 17 0.044 0.022 0.4 0.004 25 0 0 0 0
20180504 44 17 0.044 0.022 0.4 0.004 3 0 0 0 0
20180504 44 17 0.044 0.022 0.4 0.004 23 0 1 0 0.0434782608695652
20180504 44 17 0.044 0.022 0.4 0.004 11 0 0 0 0
20180504 44 17 0.044 0.022 0.4 0.004 24 0 1 0 0.0416666666666667
20180504 44 17 0.044 0.022 0.4 0.004 7 0 0 0 0
20180504 44 17 0.044 0.022 0.4 0.004 25 0 0 0 0
20180504 44 17 0.044 0.022 0.4 0.004 11 1 0 0.0909090909090909 0
20180504 44 17 0.044 0.022 0.4 0.004 15 0 2 0 0.133333333333333
20180504 44 17 0.044 0.022 0.4 0.004 24 0 1 0 0.0416666666666667
20180504 44 17 0.044 0.022 0.4 0.004 2 0 0 0 0
20180504 44 17 0.044 0.022 0.4 0.004 24 0 1 0 0.0416666666666667
20180504 44 17 0.044 0.022 0.4 0.004 24 1 0 0.0416666666666667 0
20180504 44 17 0.044 0.022 0.4 0.004 17 0 1 0 0.0588235294117647
20180504 44 17 0.044 0.022 0.4 0.004 9 0 0 0 0
20180504 44 17 0.044 0.022 0.4 0.004 20 0 0 0 0
20180504 44 17 0.044 0.022 0.4 0.004 17 0 0 0 0
20180504 44 17 0.044 0.022 0.4 0.004 20 0 0 0 0
20180504 44 17 0.044 0.022 0.4 0.004 19 0 0 0 0
20180504 44 17 0.044 0.022 0.4 0.004 26 0 0 0 0
20180504 44 17 0.044 0.022 0.4 0.004 16 0 0 0 0
20180504 44 17 0.044 0.022 0.4 0.004 23 0 0 0 0
20180504 44 17 0.044 0.022 0.4 0.004 13 2 2 0.153846153846154 0.153846153846154
20180504 44 17 0.044 0.022 0.4 0.004 25 0 0 0 0
20180504 44 17 0.044 0.022 0.4 0.004 4 0 0 0 0
20180504 44 17 0.044 0.022 0.4 0.004 9 0 0 0 0
20180504 44 17 0.044 0.022 0.4 0.004 20 0 0 0 0
20180504 44 17 0.044 0.022 0.4 0.004 25 0 1 0 0.04
20180504 44 17 0.044 0.022 0.4 0.004 13 0 1 0 0.0769230769230769
20180504 44 17 0.044 0.022 0.4 0.004 6 0 0 0 0
20180504 44 17 0.044 0.022 0.4 0.004 26 0 0 0 0
20180504 44 17 0.044 0.022 0.4 0.004 17 0 0 0 0
20180504 44 17 0.044 0.022 0.4 0.004 2 0 0 0 0
20180504 44 17 0.044 0.022 0.4 0.004 24 0 0 0 0
20180504 44 17 0.044 0.022 0.4 0.004 22 0 0 0 0
20180504 44 17 0.044 0.022 0.4 0.004 27 4 2 0.148148148148148 0.0740740740740741
20180504 44 17 0.044 0.022 0.4 0.004 25 0 1 0 0.04
20180504 44 17 0.044 0.022 0.4 0.004 11 1 1 0.0909090909090909 0.0909090909090909
20180504 44 17 0.044 0.022 0.4 0.004 15 0 0 0 0
20180504 44 17 0.044 0.022 0.4 0.004 14 0 0 0 0
20180504 44 17 0.044 0.022 0.4 0.004 23 0 0 0 0
20180504 44 17 0.044 0.022 0.4 0.004 14 1 0 0.0714285714285714 0
20180504 44 17 0.044 0.022 0.4 0.004 19 0 0 0 0
20180504 44 17 0.044 0.022 0.4 0.004 9 1 0 0.111111111111111 0
20180504 44 17 0.044 0.022 0.4 0.004 8 1 1 0.125 0.125
20180504 44 17 0.044 0.022 0.4 0.004 13 0 0 0 0
20180504 44 17 0.044 0.022 0.4 0.004 26 0 0 0 0
20180504 44 17 0.044 0.022 0.4 0.004 5 0 0 0 0
20180504 44 17 0.044 0.022 0.4 0.004 25 0 1 0 0.04
20180504 44 17 0.044 0.022 0.4 0.004 11 0 0 0 0
20180504 44 17 0.044 0.022 0.4 0.004 5 1 0 0.2 0
20180504 44 17 0.044 0.022 0.4 0.004 10 1 0 0.1 0
20180504 44 17 0.044 0.022 0.4 0.004 14 0 0 0 0
20180504 44 17 0.044 0.022 0.4 0.004 24 0 1 0 0.0416666666666667
20180504 44 17 0.044 0.022 0.4 0.004 4 0 0 0 0
20180504 44 17 0.044 0.022 0.4 0.004 12 2 0 0.166666666666667 0
20180504 44 17 0.044 0.022 0.4 0.004 25 0 1 0 0.04
20180504 44 17 0.044 0.022 0.4 0.004 20 0 0 0 0
20180504 44 17 0.044 0.022 0.4 0.004 13 0 0 0 0
20180504 44 17 0.044 0.022 0.4 0.004 25 0 1 0 0.04
20180504 44 17 0.044 0.022 0.4 0.004 15 0 0 0 0
20180504 44 17 0.044 0.022 0.4 0.004 7 0 0 0 0
20180504 44 17 0.044 0.022 0.4 0.004 12 0 0 0 0
20180504 44 17 0.044 0.022 0.4 0.004 25 0 0 0 0
20180504 44 17 0.044 0.022 0.4 0.004 25 0 1 0 0.04
20180504 44 17 0.044 0.022 0.4 0.004 42 21 0 0.5 0
20180504 44 17 0.044 0.022 0.4 0.004 24 1 0 0.0416666666666667 0
20180504 44 17 0.044 0.022 0.4 0.004 24 1 0 0.0416666666666667 0
20180504 44 17 0.044 0.022 0.4 0.004 19 1 0 0.0526315789473684 0
20180504 44 17 0.044 0.022 0.4 0.004 12 2 1 0.166666666666667 0.0833333333333333
20180504 44 17 0.044 0.022 0.4 0.004 8 0 1 0 0.125
20180504 44 17 0.044 0.022 0.4 0.004 7 0 0 0 0
20180504 44 17 0.044 0.022 0.4 0.004 24 1 0 0.0416666666666667 0
20180504 44 17 0.044 0.022 0.4 0.004 8 0 0 0 0
20180504 44 17 0.044 0.022 0.4 0.004 15 1 1 0.0666666666666667 0.0666666666666667
20180504 44 17 0.044 0.022 0.4 0.004 10 1 0 0.1 0
20180504 44 17 0.044 0.022 0.4 0.004 22 1 1 0.0454545454545455 0.0454545454545455
20180504 44 17 0.044 0.022 0.4 0.004 18 0 0 0 0
20180504 44 17 0.044 0.022 0.4 0.004 24 0 1 0 0.0416666666666667
20180504 44 17 0.044 0.022 0.4 0.004 25 0 1 0 0.04
20180504 44 17 0.044 0.022 0.4 0.004 24 0 1 0 0.0416666666666667
20180504 44 17 0.044 0.022 0.4 0.004 25 0 1 0 0.04
20180504 44 17 0.044 0.022 0.4 0.004 24 0 1 0 0.0416666666666667
20180504 44 17 0.044 0.022 0.4 0.004 24 0 1 0 0.0416666666666667
20180504 44 17 0.044 0.022 0.4 0.004 3 0 0 0 0
20180504 44 17 0.044 0.022 0.4 0.004 21 0 1 0 0.0476190476190476
20180504 44 17 0.044 0.022 0.4 0.004 3 0 0 0 0
20180504 44 17 0.044 0.022 0.4 0.004 27 0 0 0 0
20180504 44 17 0.044 0.022 0.4 0.004 27 1 0 0.037037037037037 0
20180504 44 17 0.044 0.022 0.4 0.004 3 0 0 0 0
20180504 44 17 0.044 0.022 0.4 0.004 10 0 0 0 0
20180504 44 17 0.044 0.022 0.4 0.004 4 0 0 0 0
20180504 44 17 0.044 0.022 0.4 0.004 16 0 0 0 0
20180504 44 17 0.044 0.022 0.4 0.004 22 1 0 0.0454545454545455 0
20180504 44 17 0.044 0.022 0.4 0.004 24 0 1 0 0.0416666666666667
20180504 44 17 0.044 0.022 0.4 0.004 4 0 0 0 0
20180504 44 17 0.044 0.022 0.4 0.004 27 0 2 0 0.0740740740740741
20180504 44 17 0.044 0.022 0.4 0.004 18 0 0 0 0
20180504 44 17 0.044 0.022 0.4 0.004 10 0 0 0 0
20180504 44 17 0.044 0.022 0.4 0.004 6 0 0 0 0
20180504 44 17 0.044 0.022 0.4 0.004 12 0 0 0 0
20180504 44 17 0.044 0.022 0.4 0.004 9 0 1 0 0.111111111111111
20180504 44 17 0.044 0.022 0.4 0.004 19 0 0 0 0
20180504 44 17 0.044 0.022 0.4 0.004 10 1 0 0.1 0
20180504 44 17 0.044 0.022 0.4 0.004 16 0 0 0 0
20180504 44 17 0.044 0.022 0.4 0.004 29 0 0 0 0
20180504 44 17 0.044 0.022 0.4 0.004 25 0 0 0 0
20180504 44 17 0.044 0.022 0.4 0.004 5 0 0 0 0
20180504 44 17 0.044 0.022 0.4 0.004 12 1 1 0.0833333333333333 0.0833333333333333
20180504 44 17 0.044 0.022 0.4 0.004 22 0 0 0 0
20180504 44 17 0.044 0.022 0.4 0.004 8 0 0 0 0
20180504 44 17 0.044 0.022 0.4 0.004 6 0 0 0 0
20180504 44 17 0.044 0.022 0.4 0.004 8 0 0 0 0
20180504 44 17 0.044 0.022 0.4 0.004 4 0 0 0 0
20180504 44 17 0.044 0.022 0.4 0.004 6 0 0 0 0
20180504 44 17 0.044 0.022 0.4 0.004 7 0 0 0 0
20180504 44 17 0.044 0.022 0.4 0.004 19 0 0 0 0
20180504 44 17 0.044 0.022 0.4 0.004 7 0 0 0 0
20180504 44 17 0.044 0.022 0.4 0.004 7 0 0 0 0
20180504 44 17 0.044 0.022 0.4 0.004 27 0 0 0 0
20180504 44 17 0.044 0.022 0.4 0.004 37 0 0 0 0
20180504 44 17 0.044 0.022 0.4 0.004 16 0 0 0 0
20180504 44 17 0.044 0.022 0.4 0.004 3 0 0 0 0
20180504 44 17 0.044 0.022 0.4 0.004 17 0 1 0 0.0588235294117647
20180504 44 17 0.044 0.022 0.4 0.004 10 1 0 0.1 0
20180504 44 17 0.044 0.022 0.4 0.004 15 0 0 0 0
20180504 44 17 0.044 0.022 0.4 0.004 12 0 0 0 0
20180504 44 17 0.044 0.022 0.4 0.004 21 1 0 0.0476190476190476 0
20180504 44 17 0.044 0.022 0.4 0.004 14 0 2 0 0.142857142857143
20180504 44 17 0.044 0.022 0.4 0.004 16 0 0 0 0
20180504 44 17 0.044 0.022 0.4 0.004 23 1 0 0.0434782608695652 0
20180504 44 17 0.044 0.022 0.4 0.004 14 0 0 0 0
20180504 44 17 0.044 0.022 0.4 0.004 11 1 1 0.0909090909090909 0.0909090909090909
20180504 44 17 0.044 0.022 0.4 0.004 3 0 0 0 0
20180504 44 17 0.044 0.022 0.4 0.004 19 1 0 0.0526315789473684 0
20180504 44 17 0.044 0.022 0.4 0.004 13 1 0 0.0769230769230769 0
20180504 44 17 0.044 0.022 0.4 0.004 28 1 0 0.0357142857142857 0
20180504 44 17 0.044 0.022 0.4 0.004 19 0 0 0 0
20180504 44 17 0.044 0.022 0.4 0.004 8 0 1 0 0.125
20180504 44 17 0.044 0.022 0.4 0.004 18 0 0 0 0
20180504 44 17 0.044 0.022 0.4 0.004 4 0 0 0 0
20180504 44 17 0.044 0.022 0.4 0.004 11 1 0 0.0909090909090909 0
20180504 44 17 0.044 0.022 0.4 0.004 24 0 0 0 0
20180504 44 17 0.044 0.022 0.4 0.004 4 0 0 0 0
20180504 44 17 0.044 0.022 0.4 0.004 9 0 1 0 0.111111111111111
20180504 44 17 0.044 0.022 0.4 0.004 3 1 0 0.333333333333333 0
20180504 44 17 0.044 0.022 0.4 0.004 27 1 1 0.037037037037037 0.037037037037037
20180504 44 17 0.044 0.022 0.4 0.004 26 2 0 0.0769230769230769 0
20180504 44 17 0.044 0.022 0.4 0.004 27 1 1 0.037037037037037 0.037037037037037
20180504 44 17 0.044 0.022 0.4 0.004 14 0 0 0 0
20180504 44 17 0.044 0.022 0.4 0.004 21 1 0 0.0476190476190476 0
20180504 44 17 0.044 0.022 0.4 0.004 14 0 0 0 0
20180504 44 17 0.044 0.022 0.4 0.004 21 0 0 0 0
20180504 44 17 0.044 0.022 0.4 0.004 6 1 0 0.166666666666667 0
20180504 44 17 0.044 0.022 0.4 0.004 18 0 0 0 0
20180504 44 17 0.044 0.022 0.4 0.004 29 1 0 0.0344827586206897 0
20180504 44 17 0.044 0.022 0.4 0.004 17 0 0 0 0
20180504 44 17 0.044 0.022 0.4 0.004 28 0 1 0 0.0357142857142857
20180504 44 17 0.044 0.022 0.4 0.004 25 0 1 0 0.04
20180504 44 17 0.044 0.022 0.4 0.004 29 2 0 0.0689655172413793 0
20180504 44 17 0.044 0.022 0.4 0.004 3 0 0 0 0
20180504 44 17 0.044 0.022 0.4 0.004 29 1 2 0.0344827586206897 0.0689655172413793
20180504 44 17 0.044 0.022 0.4 0.004 24 1 0 0.0416666666666667 0
20180504 44 17 0.044 0.022 0.4 0.004 14 0 1 0 0.0714285714285714
20180504 44 17 0.044 0.022 0.4 0.004 27 0 0 0 0
20180504 44 17 0.044 0.022 0.4 0.004 7 0 0 0 0
20180504 44 17 0.044 0.022 0.4 0.004 25 1 0 0.04 0
20180504 44 17 0.044 0.022 0.4 0.004 20 0 0 0 0
20180504 44 17 0.044 0.022 0.4 0.004 27 0 0 0 0
20180504 44 17 0.044 0.022 0.4 0.004 6 0 0 0 0
20180504 44 17 0.044 0.022 0.4 0.004 11 1 0 0.0909090909090909 0
20180504 44 17 0.044 0.022 0.4 0.004 6 1 0 0.166666666666667 0
20180504 44 17 0.044 0.022 0.4 0.004 25 0 0 0 0
20180504 44 17 0.044 0.022 0.4 0.004 11 0 0 0 0
20180504 44 17 0.044 0.022 0.4 0.004 23 0 0 0 0
20180504 44 17 0.044 0.022 0.4 0.004 19 1 0 0.0526315789473684 0
20180504 44 17 0.044 0.022 0.4 0.004 5 2 0 0.4 0
20180504 44 17 0.044 0.022 0.4 0.004 8 0 1 0 0.125
20180504 44 17 0.044 0.022 0.4 0.004 31 1 0 0.032258064516129 0
20180504 44 17 0.044 0.022 0.4 0.004 25 0 0 0 0
20180504 44 17 0.044 0.022 0.4 0.004 27 3 2 0.111111111111111 0.0740740740740741
20180504 44 17 0.044 0.022 0.4 0.004 14 3 0 0.214285714285714 0
20180504 44 17 0.044 0.022 0.4 0.004 23 0 0 0 0
20180504 44 17 0.044 0.022 0.4 0.004 26 0 0 0 0
20180504 44 17 0.044 0.022 0.4 0.004 6 0 0 0 0
20180504 44 17 0.044 0.022 0.4 0.004 23 0 0 0 0
20180504 44 17 0.044 0.022 0.4 0.004 9 0 1 0 0.111111111111111
20180504 44 17 0.044 0.022 0.4 0.004 15 1 0 0.0666666666666667 0
20180504 44 17 0.044 0.022 0.4 0.004 23 0 0 0 0
20180504 44 17 0.044 0.022 0.4 0.004 22 0 0 0 0
20180504 44 17 0.044 0.022 0.4 0.004 6 1 0 0.166666666666667 0
20180504 44 17 0.044 0.022 0.4 0.004 17 3 2 0.176470588235294 0.117647058823529
20180504 44 17 0.044 0.022 0.4 0.004 8 2 0 0.25 0
20180504 44 17 0.044 0.022 0.4 0.004 41 0 0 0 0
20180504 44 17 0.044 0.022 0.4 0.004 21 0 0 0 0
20180504 44 17 0.044 0.022 0.4 0.004 23 0 0 0 0
20180504 44 17 0.044 0.022 0.4 0.004 22 0 0 0 0
20180504 44 17 0.044 0.022 0.4 0.004 21 1 1 0.0476190476190476 0.0476190476190476
20180504 44 17 0.044 0.022 0.4 0.004 24 0 0 0 0
20180504 44 17 0.044 0.022 0.4 0.004 22 0 0 0 0
20180504 44 17 0.044 0.022 0.4 0.004 5 0 0 0 0
20180504 44 17 0.044 0.022 0.4 0.004 17 0 0 0 0
20180504 44 17 0.044 0.022 0.4 0.004 8 1 1 0.125 0.125
20180504 44 17 0.044 0.022 0.4 0.004 38 2 0 0.0526315789473684 0
20180504 44 17 0.044 0.022 0.4 0.004 9 1 0 0.111111111111111 0
20180504 44 17 0.044 0.022 0.4 0.004 11 0 0 0 0
20180504 44 17 0.044 0.022 0.4 0.004 20 0 1 0 0.05
20180504 44 17 0.044 0.022 0.4 0.004 22 0 0 0 0
20180504 44 17 0.044 0.022 0.4 0.004 19 0 0 0 0
20180504 44 17 0.044 0.022 0.4 0.004 18 0 0 0 0
20180504 44 17 0.044 0.022 0.4 0.004 10 2 0 0.2 0
20180504 44 17 0.044 0.022 0.4 0.004 17 0 0 0 0
20180504 44 17 0.044 0.022 0.4 0.004 24 0 0 0 0
20180504 44 17 0.044 0.022 0.4 0.004 13 2 1 0.153846153846154 0.0769230769230769
20180504 44 17 0.044 0.022 0.4 0.004 20 0 2 0 0.1
20180504 44 17 0.044 0.022 0.4 0.004 14 0 0 0 0
20180504 44 17 0.044 0.022 0.4 0.004 13 0 0 0 0
20180504 44 17 0.044 0.022 0.4 0.004 12 0 0 0 0
20180504 44 17 0.044 0.022 0.4 0.004 16 0 0 0 0
20180504 44 17 0.044 0.022 0.4 0.004 9 0 0 0 0
20180504 44 17 0.044 0.022 0.4 0.004 11 0 0 0 0
20180504 44 17 0.044 0.022 0.4 0.004 18 0 0 0 0
20180504 44 17 0.044 0.022 0.4 0.004 6 0 0 0 0
20180504 44 17 0.044 0.022 0.4 0.004 20 0 0 0 0
20180504 44 17 0.044 0.022 0.4 0.004 15 0 0 0 0
20180504 44 17 0.044 0.022 0.4 0.004 21 1 0 0.0476190476190476 0
20180504 44 17 0.044 0.022 0.4 0.004 25 0 0 0 0
20180504 44 17 0.044 0.022 0.4 0.004 17 0 0 0 0
20180504 44 17 0.044 0.022 0.4 0.004 5 0 0 0 0
20180504 44 17 0.044 0.022 0.4 0.004 11 1 0 0.0909090909090909 0
20180504 44 17 0.044 0.022 0.4 0.004 16 0 0 0 0
20180504 44 17 0.044 0.022 0.4 0.004 23 0 1 0 0.0434782608695652
20180504 44 17 0.044 0.022 0.4 0.004 13 0 0 0 0
20180504 44 17 0.044 0.022 0.4 0.004 13 0 0 0 0
20180504 44 17 0.044 0.022 0.4 0.004 7 0 0 0 0
20180504 44 17 0.044 0.022 0.4 0.004 11 0 0 0 0
20180504 44 17 0.044 0.022 0.4 0.004 9 0 1 0 0.111111111111111
20180504 44 17 0.044 0.022 0.4 0.004 23 1 0 0.0434782608695652 0
20180504 44 17 0.044 0.022 0.4 0.004 9 0 0 0 0
20180504 44 17 0.044 0.022 0.4 0.004 22 0 1 0 0.0454545454545455
20180504 44 17 0.044 0.022 0.4 0.004 11 0 0 0 0
20180504 44 17 0.044 0.022 0.4 0.004 10 0 0 0 0
20180504 44 17 0.044 0.022 0.4 0.004 4 0 0 0 0
20180504 44 17 0.044 0.022 0.4 0.004 13 0 0 0 0
20180504 44 17 0.044 0.022 0.4 0.004 26 0 1 0 0.0384615384615385
20180504 44 17 0.044 0.022 0.4 0.004 2 0 0 0 0
20180504 44 17 0.044 0.022 0.4 0.004 2 0 0 0 0
20180504 44 17 0.044 0.022 0.4 0.004 5 0 0 0 0
20180504 44 17 0.044 0.022 0.4 0.004 5 1 0 0.2 0
20180504 44 17 0.044 0.022 0.4 0.004 3 0 0 0 0
20180504 44 17 0.044 0.022 0.4 0.004 9 0 1 0 0.111111111111111
20180504 44 17 0.044 0.022 0.4 0.004 29 1 0 0.0344827586206897 0
20180504 44 17 0.044 0.022 0.4 0.004 17 0 0 0 0
20180504 44 17 0.044 0.022 0.4 0.004 11 0 0 0 0
20180504 44 17 0.044 0.022 0.4 0.004 8 0 0 0 0
20180504 44 17 0.044 0.022 0.4 0.004 7 0 0 0 0
20180504 44 17 0.044 0.022 0.4 0.004 9 0 0 0 0
20180504 44 17 0.044 0.022 0.4 0.004 10 0 0 0 0
20180504 44 17 0.044 0.022 0.4 0.004 10 0 0 0 0
20180504 44 17 0.044 0.022 0.4 0.004 24 0 0 0 0
20180504 44 17 0.044 0.022 0.4 0.004 25 0 0 0 0
20180504 44 17 0.044 0.022 0.4 0.004 7 0 0 0 0
20180504 44 17 0.044 0.022 0.4 0.004 21 0 0 0 0
20180504 44 17 0.044 0.022 0.4 0.004 11 0 0 0 0
20180504 44 17 0.044 0.022 0.4 0.004 20 0 0 0 0
20180504 44 17 0.044 0.022 0.4 0.004 6 0 0 0 0
20180504 44 17 0.044 0.022 0.4 0.004 11 1 0 0.0909090909090909 0
20180504 44 17 0.044 0.022 0.4 0.004 11 0 0 0 0
20180504 44 17 0.044 0.022 0.4 0.004 2 0 0 0 0
20180504 44 17 0.044 0.022 0.4 0.004 26 0 1 0 0.0384615384615385
20180504 44 17 0.044 0.022 0.4 0.004 12 1 0 0.0833333333333333 0
20180504 44 17 0.044 0.022 0.4 0.004 26 0 0 0 0
20180504 44 17 0.044 0.022 0.4 0.004 15 1 0 0.0666666666666667 0
