DATE PM10 PM2p5 O3 NO2 CO SO2 TOT_WORD POS_NUM NEG_NUM POS_PRO NEG_PRO
20180501 60 46 0.035 0.024 0.5 0.004 7 0 0 0 0
20180501 60 46 0.035 0.024 0.5 0.004 22 1 1 0.0454545454545455 0.0454545454545455
20180501 60 46 0.035 0.024 0.5 0.004 19 0 0 0 0
20180501 60 46 0.035 0.024 0.5 0.004 10 0 1 0 0.1
20180501 60 46 0.035 0.024 0.5 0.004 5 0 0 0 0
20180501 60 46 0.035 0.024 0.5 0.004 19 0 0 0 0
20180501 60 46 0.035 0.024 0.5 0.004 9 0 0 0 0
20180501 60 46 0.035 0.024 0.5 0.004 7 0 0 0 0
20180501 60 46 0.035 0.024 0.5 0.004 11 0 0 0 0
20180501 60 46 0.035 0.024 0.5 0.004 11 0 0 0 0
20180501 60 46 0.035 0.024 0.5 0.004 8 0 0 0 0
20180501 60 46 0.035 0.024 0.5 0.004 10 0 0 0 0
20180501 60 46 0.035 0.024 0.5 0.004 9 0 0 0 0
20180501 60 46 0.035 0.024 0.5 0.004 25 2 1 0.08 0.04
20180501 60 46 0.035 0.024 0.5 0.004 20 0 0 0 0
20180501 60 46 0.035 0.024 0.5 0.004 27 0 0 0 0
20180501 60 46 0.035 0.024 0.5 0.004 18 0 0 0 0
20180501 60 46 0.035 0.024 0.5 0.004 14 0 0 0 0
20180501 60 46 0.035 0.024 0.5 0.004 21 2 2 0.0952380952380952 0.0952380952380952
20180501 60 46 0.035 0.024 0.5 0.004 6 0 0 0 0
20180501 60 46 0.035 0.024 0.5 0.004 7 0 0 0 0
20180501 60 46 0.035 0.024 0.5 0.004 12 0 0 0 0
20180501 60 46 0.035 0.024 0.5 0.004 11 0 0 0 0
20180501 60 46 0.035 0.024 0.5 0.004 7 0 0 0 0
20180501 60 46 0.035 0.024 0.5 0.004 12 0 0 0 0
20180501 60 46 0.035 0.024 0.5 0.004 7 0 1 0 0.142857142857143
20180501 60 46 0.035 0.024 0.5 0.004 3 0 0 0 0
20180501 60 46 0.035 0.024 0.5 0.004 6 0 0 0 0
20180501 60 46 0.035 0.024 0.5 0.004 17 0 0 0 0
20180501 60 46 0.035 0.024 0.5 0.004 5 1 0 0.2 0
20180501 60 46 0.035 0.024 0.5 0.004 10 0 0 0 0
20180501 60 46 0.035 0.024 0.5 0.004 3 0 0 0 0
20180501 60 46 0.035 0.024 0.5 0.004 7 0 0 0 0
20180501 60 46 0.035 0.024 0.5 0.004 7 0 0 0 0
20180501 60 46 0.035 0.024 0.5 0.004 24 0 0 0 0
20180501 60 46 0.035 0.024 0.5 0.004 20 0 0 0 0
20180501 60 46 0.035 0.024 0.5 0.004 6 0 0 0 0
20180501 60 46 0.035 0.024 0.5 0.004 8 0 0 0 0
20180501 60 46 0.035 0.024 0.5 0.004 12 0 0 0 0
20180501 60 46 0.035 0.024 0.5 0.004 13 0 0 0 0
20180501 60 46 0.035 0.024 0.5 0.004 9 0 0 0 0
20180501 60 46 0.035 0.024 0.5 0.004 11 0 0 0 0
20180501 60 46 0.035 0.024 0.5 0.004 8 0 0 0 0
20180501 60 46 0.035 0.024 0.5 0.004 8 0 0 0 0
20180501 60 46 0.035 0.024 0.5 0.004 5 0 0 0 0
20180501 60 46 0.035 0.024 0.5 0.004 5 1 1 0.2 0.2
20180501 60 46 0.035 0.024 0.5 0.004 16 0 1 0 0.0625
20180501 60 46 0.035 0.024 0.5 0.004 7 0 0 0 0
20180501 60 46 0.035 0.024 0.5 0.004 14 0 0 0 0
20180501 60 46 0.035 0.024 0.5 0.004 6 0 0 0 0
20180501 60 46 0.035 0.024 0.5 0.004 4 0 0 0 0
20180501 60 46 0.035 0.024 0.5 0.004 16 0 0 0 0
20180501 60 46 0.035 0.024 0.5 0.004 20 0 0 0 0
20180501 60 46 0.035 0.024 0.5 0.004 7 0 1 0 0.142857142857143
20180501 60 46 0.035 0.024 0.5 0.004 4 0 0 0 0
20180501 60 46 0.035 0.024 0.5 0.004 7 0 0 0 0
20180501 60 46 0.035 0.024 0.5 0.004 14 0 0 0 0
20180501 60 46 0.035 0.024 0.5 0.004 10 0 1 0 0.1
20180501 60 46 0.035 0.024 0.5 0.004 10 0 1 0 0.1
20180501 60 46 0.035 0.024 0.5 0.004 10 0 1 0 0.1
20180501 60 46 0.035 0.024 0.5 0.004 6 0 0 0 0
20180501 60 46 0.035 0.024 0.5 0.004 20 1 1 0.05 0.05
20180501 60 46 0.035 0.024 0.5 0.004 6 0 0 0 0
20180501 60 46 0.035 0.024 0.5 0.004 13 2 1 0.153846153846154 0.0769230769230769
20180501 60 46 0.035 0.024 0.5 0.004 7 0 0 0 0
20180501 60 46 0.035 0.024 0.5 0.004 3 0 0 0 0
20180501 60 46 0.035 0.024 0.5 0.004 2 0 0 0 0
20180501 60 46 0.035 0.024 0.5 0.004 8 0 0 0 0
20180501 60 46 0.035 0.024 0.5 0.004 6 0 0 0 0
20180501 60 46 0.035 0.024 0.5 0.004 3 0 0 0 0
20180501 60 46 0.035 0.024 0.5 0.004 12 0 0 0 0
20180501 60 46 0.035 0.024 0.5 0.004 3 0 0 0 0
20180501 60 46 0.035 0.024 0.5 0.004 31 0 0 0 0
20180501 60 46 0.035 0.024 0.5 0.004 7 0 0 0 0
20180501 60 46 0.035 0.024 0.5 0.004 10 0 0 0 0
20180501 60 46 0.035 0.024 0.5 0.004 25 0 0 0 0
20180501 60 46 0.035 0.024 0.5 0.004 5 1 0 0.2 0
20180501 60 46 0.035 0.024 0.5 0.004 27 0 0 0 0
20180501 60 46 0.035 0.024 0.5 0.004 8 1 1 0.125 0.125
20180501 60 46 0.035 0.024 0.5 0.004 14 0 1 0 0.0714285714285714
20180501 60 46 0.035 0.024 0.5 0.004 2 0 0 0 0
20180501 60 46 0.035 0.024 0.5 0.004 28 0 0 0 0
20180501 60 46 0.035 0.024 0.5 0.004 7 0 0 0 0
20180501 60 46 0.035 0.024 0.5 0.004 3 0 0 0 0
20180501 60 46 0.035 0.024 0.5 0.004 21 0 0 0 0
20180501 60 46 0.035 0.024 0.5 0.004 8 0 0 0 0
20180501 60 46 0.035 0.024 0.5 0.004 18 0 0 0 0
20180501 60 46 0.035 0.024 0.5 0.004 17 0 0 0 0
20180501 60 46 0.035 0.024 0.5 0.004 3 0 0 0 0
20180501 60 46 0.035 0.024 0.5 0.004 24 0 0 0 0
