DATE PM10 PM2p5 O3 NO2 CO SO2 TOT_WORD POS_NUM NEG_NUM POS_PRO NEG_PRO
20180502 44 35 0.022 0.026 0.5 0.003 9 0 0 0 0
20180502 44 35 0.022 0.026 0.5 0.003 3 0 0 0 0
20180502 44 35 0.022 0.026 0.5 0.003 4 0 0 0 0
20180502 44 35 0.022 0.026 0.5 0.003 8 1 1 0.125 0.125
20180502 44 35 0.022 0.026 0.5 0.003 3 0 0 0 0
20180502 44 35 0.022 0.026 0.5 0.003 7 0 0 0 0
20180502 44 35 0.022 0.026 0.5 0.003 6 0 0 0 0
20180502 44 35 0.022 0.026 0.5 0.003 4 0 0 0 0
20180502 44 35 0.022 0.026 0.5 0.003 13 0 0 0 0
20180502 44 35 0.022 0.026 0.5 0.003 6 0 0 0 0
20180502 44 35 0.022 0.026 0.5 0.003 2 0 0 0 0
20180502 44 35 0.022 0.026 0.5 0.003 11 0 0 0 0
20180502 44 35 0.022 0.026 0.5 0.003 25 0 0 0 0
20180502 44 35 0.022 0.026 0.5 0.003 6 0 0 0 0
20180502 44 35 0.022 0.026 0.5 0.003 5 0 0 0 0
20180502 44 35 0.022 0.026 0.5 0.003 6 0 0 0 0
20180502 44 35 0.022 0.026 0.5 0.003 2 0 0 0 0
20180502 44 35 0.022 0.026 0.5 0.003 11 0 0 0 0
20180502 44 35 0.022 0.026 0.5 0.003 6 0 0 0 0
20180502 44 35 0.022 0.026 0.5 0.003 7 0 0 0 0
20180502 44 35 0.022 0.026 0.5 0.003 18 0 0 0 0
20180502 44 35 0.022 0.026 0.5 0.003 18 0 0 0 0
20180502 44 35 0.022 0.026 0.5 0.003 14 0 0 0 0
20180502 44 35 0.022 0.026 0.5 0.003 26 1 1 0.0384615384615385 0.0384615384615385
20180502 44 35 0.022 0.026 0.5 0.003 4 0 0 0 0
20180502 44 35 0.022 0.026 0.5 0.003 12 0 1 0 0.0833333333333333
20180502 44 35 0.022 0.026 0.5 0.003 14 1 0 0.0714285714285714 0
20180502 44 35 0.022 0.026 0.5 0.003 20 2 0 0.1 0
20180502 44 35 0.022 0.026 0.5 0.003 9 0 0 0 0
20180502 44 35 0.022 0.026 0.5 0.003 6 0 0 0 0
20180502 44 35 0.022 0.026 0.5 0.003 6 1 2 0.166666666666667 0.333333333333333
20180502 44 35 0.022 0.026 0.5 0.003 4 0 0 0 0
20180502 44 35 0.022 0.026 0.5 0.003 24 0 0 0 0
20180502 44 35 0.022 0.026 0.5 0.003 34 2 3 0.0588235294117647 0.0882352941176471
20180502 44 35 0.022 0.026 0.5 0.003 12 0 0 0 0
20180502 44 35 0.022 0.026 0.5 0.003 22 0 0 0 0
20180502 44 35 0.022 0.026 0.5 0.003 8 0 0 0 0
20180502 44 35 0.022 0.026 0.5 0.003 10 0 0 0 0
20180502 44 35 0.022 0.026 0.5 0.003 5 0 0 0 0
20180502 44 35 0.022 0.026 0.5 0.003 9 0 0 0 0
20180502 44 35 0.022 0.026 0.5 0.003 23 1 1 0.0434782608695652 0.0434782608695652
20180502 44 35 0.022 0.026 0.5 0.003 6 0 0 0 0
20180502 44 35 0.022 0.026 0.5 0.003 26 2 1 0.0769230769230769 0.0384615384615385
20180502 44 35 0.022 0.026 0.5 0.003 24 0 0 0 0
20180502 44 35 0.022 0.026 0.5 0.003 25 0 0 0 0
20180502 44 35 0.022 0.026 0.5 0.003 13 1 0 0.0769230769230769 0
20180502 44 35 0.022 0.026 0.5 0.003 5 0 0 0 0
20180502 44 35 0.022 0.026 0.5 0.003 23 0 1 0 0.0434782608695652
20180502 44 35 0.022 0.026 0.5 0.003 14 0 0 0 0
20180502 44 35 0.022 0.026 0.5 0.003 4 0 0 0 0
20180502 44 35 0.022 0.026 0.5 0.003 4 0 0 0 0
20180502 44 35 0.022 0.026 0.5 0.003 20 0 0 0 0
20180502 44 35 0.022 0.026 0.5 0.003 27 0 0 0 0
20180502 44 35 0.022 0.026 0.5 0.003 29 1 1 0.0344827586206897 0.0344827586206897
20180502 44 35 0.022 0.026 0.5 0.003 6 0 1 0 0.166666666666667
20180502 44 35 0.022 0.026 0.5 0.003 3 0 0 0 0
20180502 44 35 0.022 0.026 0.5 0.003 8 1 1 0.125 0.125
20180502 44 35 0.022 0.026 0.5 0.003 3 0 0 0 0
20180502 44 35 0.022 0.026 0.5 0.003 8 0 0 0 0
20180502 44 35 0.022 0.026 0.5 0.003 7 0 0 0 0
20180502 44 35 0.022 0.026 0.5 0.003 11 0 0 0 0
20180502 44 35 0.022 0.026 0.5 0.003 6 0 0 0 0
20180502 44 35 0.022 0.026 0.5 0.003 9 0 0 0 0
20180502 44 35 0.022 0.026 0.5 0.003 2 0 0 0 0
20180502 44 35 0.022 0.026 0.5 0.003 6 0 0 0 0
20180502 44 35 0.022 0.026 0.5 0.003 9 0 0 0 0
20180502 44 35 0.022 0.026 0.5 0.003 14 0 0 0 0
20180502 44 35 0.022 0.026 0.5 0.003 6 0 0 0 0
20180502 44 35 0.022 0.026 0.5 0.003 8 0 0 0 0
20180502 44 35 0.022 0.026 0.5 0.003 22 0 0 0 0
20180502 44 35 0.022 0.026 0.5 0.003 14 0 0 0 0
20180502 44 35 0.022 0.026 0.5 0.003 10 0 1 0 0.1
20180502 44 35 0.022 0.026 0.5 0.003 7 0 0 0 0
20180502 44 35 0.022 0.026 0.5 0.003 29 2 1 0.0689655172413793 0.0344827586206897
20180502 44 35 0.022 0.026 0.5 0.003 9 0 0 0 0
20180502 44 35 0.022 0.026 0.5 0.003 5 0 0 0 0
20180502 44 35 0.022 0.026 0.5 0.003 11 0 0 0 0
20180502 44 35 0.022 0.026 0.5 0.003 12 0 1 0 0.0833333333333333
20180502 44 35 0.022 0.026 0.5 0.003 6 0 0 0 0
20180502 44 35 0.022 0.026 0.5 0.003 7 1 0 0.142857142857143 0
20180502 44 35 0.022 0.026 0.5 0.003 26 1 1 0.0384615384615385 0.0384615384615385
20180502 44 35 0.022 0.026 0.5 0.003 5 0 0 0 0
20180502 44 35 0.022 0.026 0.5 0.003 3 0 0 0 0
20180502 44 35 0.022 0.026 0.5 0.003 17 0 0 0 0
20180502 44 35 0.022 0.026 0.5 0.003 6 0 0 0 0
20180502 44 35 0.022 0.026 0.5 0.003 3 0 0 0 0
20180502 44 35 0.022 0.026 0.5 0.003 6 0 0 0 0
20180502 44 35 0.022 0.026 0.5 0.003 13 0 0 0 0
20180502 44 35 0.022 0.026 0.5 0.003 8 0 0 0 0
20180502 44 35 0.022 0.026 0.5 0.003 7 0 1 0 0.142857142857143
20180502 44 35 0.022 0.026 0.5 0.003 16 0 0 0 0
20180502 44 35 0.022 0.026 0.5 0.003 4 0 0 0 0
20180502 44 35 0.022 0.026 0.5 0.003 11 0 0 0 0
20180502 44 35 0.022 0.026 0.5 0.003 6 0 0 0 0
20180502 44 35 0.022 0.026 0.5 0.003 12 0 0 0 0
20180502 44 35 0.022 0.026 0.5 0.003 10 1 0 0.1 0
20180502 44 35 0.022 0.026 0.5 0.003 6 0 0 0 0
20180502 44 35 0.022 0.026 0.5 0.003 8 1 1 0.125 0.125
20180502 44 35 0.022 0.026 0.5 0.003 8 0 0 0 0
20180502 44 35 0.022 0.026 0.5 0.003 28 0 0 0 0
20180502 44 35 0.022 0.026 0.5 0.003 10 0 0 0 0
20180502 44 35 0.022 0.026 0.5 0.003 14 0 2 0 0.142857142857143
20180502 44 35 0.022 0.026 0.5 0.003 2 0 0 0 0
20180502 44 35 0.022 0.026 0.5 0.003 6 0 1 0 0.166666666666667
20180502 44 35 0.022 0.026 0.5 0.003 9 0 0 0 0
20180502 44 35 0.022 0.026 0.5 0.003 10 0 0 0 0
20180502 44 35 0.022 0.026 0.5 0.003 6 0 0 0 0
20180502 44 35 0.022 0.026 0.5 0.003 6 1 1 0.166666666666667 0.166666666666667
20180502 44 35 0.022 0.026 0.5 0.003 12 1 1 0.0833333333333333 0.0833333333333333
20180502 44 35 0.022 0.026 0.5 0.003 8 0 0 0 0
20180502 44 35 0.022 0.026 0.5 0.003 5 0 0 0 0
20180502 44 35 0.022 0.026 0.5 0.003 22 0 0 0 0
20180502 44 35 0.022 0.026 0.5 0.003 6 0 0 0 0
20180502 44 35 0.022 0.026 0.5 0.003 12 1 1 0.0833333333333333 0.0833333333333333
20180502 44 35 0.022 0.026 0.5 0.003 6 0 0 0 0
20180502 44 35 0.022 0.026 0.5 0.003 3 0 0 0 0
20180502 44 35 0.022 0.026 0.5 0.003 8 0 0 0 0
20180502 44 35 0.022 0.026 0.5 0.003 4 1 1 0.25 0.25
20180502 44 35 0.022 0.026 0.5 0.003 3 0 0 0 0
20180502 44 35 0.022 0.026 0.5 0.003 7 0 0 0 0
20180502 44 35 0.022 0.026 0.5 0.003 15 2 0 0.133333333333333 0
20180502 44 35 0.022 0.026 0.5 0.003 17 0 0 0 0
20180502 44 35 0.022 0.026 0.5 0.003 18 1 1 0.0555555555555556 0.0555555555555556
20180502 44 35 0.022 0.026 0.5 0.003 19 1 1 0.0526315789473684 0.0526315789473684
20180502 44 35 0.022 0.026 0.5 0.003 13 0 0 0 0
20180502 44 35 0.022 0.026 0.5 0.003 2 0 0 0 0
20180502 44 35 0.022 0.026 0.5 0.003 7 0 0 0 0
20180502 44 35 0.022 0.026 0.5 0.003 6 0 0 0 0
20180502 44 35 0.022 0.026 0.5 0.003 19 1 1 0.0526315789473684 0.0526315789473684
20180502 44 35 0.022 0.026 0.5 0.003 14 0 0 0 0
20180502 44 35 0.022 0.026 0.5 0.003 3 0 0 0 0
20180502 44 35 0.022 0.026 0.5 0.003 4 0 0 0 0
20180502 44 35 0.022 0.026 0.5 0.003 15 0 0 0 0
20180502 44 35 0.022 0.026 0.5 0.003 6 0 0 0 0
20180502 44 35 0.022 0.026 0.5 0.003 9 0 0 0 0
20180502 44 35 0.022 0.026 0.5 0.003 20 0 0 0 0
20180502 44 35 0.022 0.026 0.5 0.003 6 0 0 0 0
20180502 44 35 0.022 0.026 0.5 0.003 30 1 0 0.0333333333333333 0
20180502 44 35 0.022 0.026 0.5 0.003 14 0 0 0 0
20180502 44 35 0.022 0.026 0.5 0.003 22 0 0 0 0
20180502 44 35 0.022 0.026 0.5 0.003 11 0 0 0 0
20180502 44 35 0.022 0.026 0.5 0.003 11 0 0 0 0
20180502 44 35 0.022 0.026 0.5 0.003 8 0 0 0 0
20180502 44 35 0.022 0.026 0.5 0.003 9 0 1 0 0.111111111111111
20180502 44 35 0.022 0.026 0.5 0.003 22 1 1 0.0454545454545455 0.0454545454545455
20180502 44 35 0.022 0.026 0.5 0.003 6 0 0 0 0
20180502 44 35 0.022 0.026 0.5 0.003 10 0 0 0 0
20180502 44 35 0.022 0.026 0.5 0.003 21 0 0 0 0
20180502 44 35 0.022 0.026 0.5 0.003 11 1 0 0.0909090909090909 0
20180502 44 35 0.022 0.026 0.5 0.003 8 0 0 0 0
20180502 44 35 0.022 0.026 0.5 0.003 11 0 3 0 0.272727272727273
20180502 44 35 0.022 0.026 0.5 0.003 7 0 0 0 0
20180502 44 35 0.022 0.026 0.5 0.003 8 0 0 0 0
20180502 44 35 0.022 0.026 0.5 0.003 16 0 0 0 0
20180502 44 35 0.022 0.026 0.5 0.003 23 1 1 0.0434782608695652 0.0434782608695652
20180502 44 35 0.022 0.026 0.5 0.003 6 0 0 0 0
20180502 44 35 0.022 0.026 0.5 0.003 9 0 0 0 0
